1.55278108125 0.317900454803 0.733030708065 1.59086125008 2.08083821326 
-0.742564574853 2.60406766949 2.24565858117 0.584688253063 2.43738441336 
3.32942578807 4.86963828143 1.81536943553 5.31696494131 8.17717385492 
2.29531651758 3.91417178739 6.47544516208 5.19910402724 6.30874762577 
4.6285527324 2.59113516579 6.06670978887 6.0621354496 3.9865436399 
2.98680484219 5.7979541601 2.23619055867 2.82862059834 5.48305965621 
5.49071364516 4.94605774775 7.02033923787 2.14770979669 7.01558036619 
0.870804827521 2.56526857544 6.61384651641 5.97619230265 4.74542271762 
0.72214968267 0.417751677727 1.52974646891 0.569550025368 0.943627814297 
1.4386559606 0.992892194847 0.73405702173 1.37130853889 2.84545718624 
2.05808473242 2.92395384667 2.21051332478 6.28734500272 2.86820035569 
1.50862066383 3.86097470787 1.85222539264 2.73917934172 2.38410018266 
0.560978586477 1.85992580757 1.44851558078 1.72976037913 1.8025422495 
1.46987518137 1.52665693007 2.06858284262 -0.820386722205 0.16917221449 
-1.06269369169 4.35997259587 3.4050862021 4.30850954929 -3.18657311757 
6.37710962254 5.87468393507 6.50599116901 4.1427244073 -1.9611942295 
3.26515851408 2.3188848393 2.99264856348 3.0433357343 2.60651088039 
3.63995675531 3.30403253784 4.41853600433 6.18817741861 2.3580048749 
-2.06915059514 1.631230149 3.60148359375 2.52669273677 1.8717220602 
2.39918666444 3.13140130303 0.19878808697 4.30561033073 5.49128295556 
-3.04084533825 5.92003087716 5.53171094758 1.74843602206 1.41220226208 
2.85897618785 2.89112261583 2.54596404682 2.95008829528 2.10389042753 
3.64472414676 -0.45161479294 3.60662006038 -1.39350882503 2.6644838727 
5.56846514663 3.72335651998 4.4496106969 0.117462119387 5.93484096697 
2.54247195589 0.569146965514 0.0661155770449 3.47291246022 1.3197641735 
-3.33376306649 -0.15966978925 3.67201515156 1.01383473135 3.20132477338 
6.82389785186 1.2258072133 3.89595642477 2.6426020968 8.06534924426 
2.09028657658 5.36276341588 5.60407560027 5.08297364961 0.865870352278 
2.79230615697 2.0405828681 2.21227245209 4.62922873988 3.28926041142 
1.90591447215 3.47881007082 3.20227582488 4.54793858516 5.37949604874 
2.49062016137 4.94905238221 4.34778705159 4.45945860945 5.00318501999 
1.50289300867 0.261153355306 3.07650647185 2.37843172224 0.787717833051 
2.30725961117 6.57046045605 1.51615714042 4.36316031622 0.439447711249 
2.73387786293 4.62283851584 0.757801662175 2.81989697445 5.36721926954 
0.366477912978 3.770470163 -3.08957414557 4.13347107734 4.43493377545 
1.54749179797 -0.786313560639 1.12735601672 2.08506373811 3.21517845437 
1.7273284248 2.14068787903 2.46301638535 1.42876382408 1.84905888689 
2.86691850944 -0.0938197058979 7.69069832147 4.63155504575 4.24791968122 
3.13525612406 5.00689622687 5.38744809694 6.62325963687 3.30135195006 
3.99195384588 0.923035751051 4.9932953028 3.80807808839 6.266078209 
4.20807102145 6.48266472787 3.66791660938 0.345921946968 4.66391006331 
0.935099376938 2.98414464097 4.13581239726 5.31516863391 0.970038129581 
0.418405942876 3.75286743808 0.542904228372 5.67058304092 7.15257103472 
6.96097199583 6.20492686091 -0.957045170782 7.70479748904 -1.60927550983 
5.44788984293 4.86788310507 5.36422485605 4.96685370054 1.94679694489 
1.36508737403 1.60239883809 0.442567639268 -0.611904729947 0.494534983932 
3.55641422545 -1.36830245773 0.968919159347 5.30162829605 4.2457606749 
5.15425012345 0.885193639236 4.39332875716 0.393732396071 5.49415787005 
2.41016227767 3.59677816698 4.11274947496 -0.407091608296 2.16869290419 
2.70233688295 4.83714784421 4.70909678995 5.61242042918 2.58058255117 
1.05611371626 2.20730987085 1.71297363993 2.45084582004 1.62874660724 
6.35452191404 5.79437693153 2.40341546749 2.58355407175 5.89728766958 
0.770388242504 1.37086005361 1.37294216675 0.962545961493 0.863183246246 
1.8780797232 2.3520076277 2.14561172156 0.72640167739 5.83747207322 
6.29437064998 4.67566955161 0.304761045143 -2.81619422271 -0.310162727693 
0.295571756438 4.07440898364 1.69488249436 1.94243394936 6.15590946069 
3.41571984798 7.21527875609 5.51574651235 6.36854868874 4.82876170449 
2.59751074633 1.67541592794 3.12563912341 2.36455229717 3.35461337973 
5.79574516803 2.0508381748 3.12551368569 8.42144130868 6.99783198231 
6.13996405933 6.27685446306 2.07465482132 3.77049260896 5.8954960702 
7.84506797315 5.82814196378 2.67396230393 -1.40676065182 6.90742521921 
2.30475338125 1.89463001847 -0.0629864152354 2.38196136055 2.68830219913 
1.87508589064 5.03410781819 4.87202190161 0.785841797713 0.766124985147 
4.18282823646 3.75322723321 6.50372226986 2.7555752674 3.49923158263 
-0.232590239683 1.09775093398 2.76713491948 2.53208452512 0.689025844479 
5.35864900045 8.22711427359 6.52515990319 2.22883597951 6.11378322196 
3.96016366953 0.890062343226 2.20523243082 -4.97517509296 6.75044924294 
4.0563145066 4.72904768819 5.12715602229 2.90073990409 2.36345626937 
-0.015175486212 0.651982374499 1.21359754118 0.282666732347 0.683222423336 
2.00024958106 1.7349929743 2.03525448217 2.46211541819 1.40515547601 
3.88780954486 4.57549397262 -0.375245210576 2.6815996893 2.43798990867 
-1.26524173188 -0.25078891281 4.87913897703 1.71102261924 2.96432044732 
0.14664731591 0.227966786173 0.193015218344 0.537189153947 0.154448183503 
0.654884305329 4.00790239623 5.0181176744 6.12046379123 3.57318045498 
5.5394676898 0.890695470623 6.14713634415 6.19715354891 4.13332407898 
5.35343910628 4.52303142809 3.5384845257 -1.62710778805 5.98995178355 
3.04116687194 3.75323521639 4.87847054808 3.15313897011 3.63523665219 
3.24671613928 4.23256805551 3.58390877564 2.3342530713 2.93888782615 
1.84707988394 2.07433381809 2.2988555134 1.48011932131 2.29342213082 
5.50309485817 6.19448454525 -0.524151631718 1.74628509545 2.8894737949 
4.18453338767 4.28096005285 3.97438664286 5.03283196009 0.574107030036 
0.914707145667 1.27534023471 0.997247123519 0.671332333415 1.30808464441 
0.944031161902 2.85154334518 0.82589029257 4.08472672589 3.05102494549 
1.77864409811 3.92226237876 4.27960772156 4.19457640752 3.56105928846 
2.83929624342 1.01076200402 2.87372034024 1.7125720631 4.58952849049 
2.33715464075 3.84807325764 0.877296030888 3.69560327976 2.19496133441 
2.27649318627 2.52089388978 3.57336056001 1.54628942532 3.05503688302 
0.172797986032 3.74800152124 0.266793307641 7.30257784083 5.39605471395 
4.48282973328 2.91644212005 0.415181079325 3.88102329201 4.06314521615 
7.34859438299 3.48882213182 1.86172712051 3.51068356658 4.07332386671 
3.5571328244 2.36576616658 2.05788030401 1.85094226495 -2.43122321623 
6.53272966539 3.13195943459 5.88945060916 3.96537499581 5.40761693917 
4.81014783072 0.200840166079 4.84581695933 4.29045756135 0.333889078558 
-2.63230995336 3.78279156604 5.14578273419 -0.0156788630949 5.22782083941 
6.85851313978 0.379829506775 -0.828024663851 -2.21081026633 4.20529292097 
4.61864382274 7.41069087791 2.06882977564 5.61340883789 -3.21871013051 
0.737683781176 1.20272370119 1.99019414193 0.0818751082808 0.834377718016 
4.23801716122 2.40104612702 6.17380214504 4.47226095667 4.90131144526 
1.42736357819 3.30204720161 2.66802071611 1.71715774006 1.36956525812 
1.81398079359 4.36034194763 2.10196981679 1.64233639311 5.13603876145 
1.15615505794 4.49659939598 7.15105482079 6.00375611335 2.75315396209 
6.749463818 0.341999901387 5.21194249534 4.89369021359 5.43348439023 
4.0767097388 2.96222420159 0.443422601036 2.99624924295 4.50898524899 
1.69134578386 2.77695106441 2.68801507678 0.0200199080997 1.11190040951 
2.11472005393 -3.49434783079 7.19525267083 0.0442052787734 0.823871265633 
1.97925262031 3.77472337698 4.26729466051 2.42798681741 2.19550775736 
1.41294324159 0.899887424329 5.63790055575 3.36684560841 1.42539015256 
3.13943084222 6.34358379129 7.64743333282 6.10687263986 0.569967855929 
5.29664695808 6.97858799909 6.9853443161 4.16480478304 5.39711543558 
3.98081492879 3.53882707965 6.10230645311 5.82107092281 5.587482795 
-0.0817304572293 7.51064638848 3.25869705812 6.15345841095 5.80090275565 
-2.80222337931 0.243621193636 1.6015950772 6.84284403272 4.61065891143 
-0.100979142781 1.02362779602 0.625919675032 1.11066502475 1.13347699428 
3.29304088687 2.77195304819 5.3157238861 1.05312769795 -1.91941599751 
1.34380033276 1.89374905176 1.48888136391 1.55407009304 0.721297282924 
1.86887083604 4.99492495826 4.15167595036 3.7496503093 1.80059798332 
1.83071468967 4.59994090516 5.85474049942 3.56488289397 3.80356965946 
3.61571395873 0.510870822227 3.14464437494 3.8439858291 2.60621040982 
7.09744803679 3.86700480071 3.42770879967 4.26133555906 4.48544202009 
2.26900864776 3.37568584401 3.15658961202 5.79082794168 0.487083888653 
7.98813030011 2.44294973158 3.08064742448 5.58538833074 5.10808212753 
4.68648167448 4.7828467349 0.000805727078318 4.57544374261 0.400720526152 
1.16768435556 1.73942106973 1.96508774318 1.74618269395 1.82911458136 
4.76749218742 3.84061246815 7.02062762236 5.03583007917 2.59192500195 
1.24677512965 1.32305163735 1.50799928599 0.256258211137 1.18013734946 
0.523945528213 0.69547562999 0.0508169197617 0.244099560328 0.392583815959 
0.624238581529 0.333545886497 0.44913696394 0.393021787215 0.816312344988 
1.00210365248 1.77039900156 1.50364873901 1.97671424053 2.19900546023 
4.58488692138 6.5680636046 3.05037026713 5.3434943373 7.44146807124 
0.303709439601 0.285884743265 0.559289428405 0.0170098289948 0.604020399591 
-0.219179084954 0.964214088282 -0.286017662354 0.408881977735 0.304392078681 
4.35025064057 5.0477357668 6.74957398319 8.84826044498 4.76376734983 
3.21800999742 -0.402953152171 1.92958233624 3.24628106961 1.52174633953 
2.54125410315 6.64468031489 5.4169025404 1.20790733206 3.60640431011 
1.48646456635 1.66995874319 3.27067515116 3.4655841158 3.28197130051 
4.16768584351 7.77954734387 6.79243275868 0.0335219061075 8.01220250999 
6.90129770819 0.427978561831 3.54820506337 6.4289740422 4.82414657154 
4.19060354056 3.17188883717 2.23975960076 2.75747543734 5.76164457952 
2.30262739266 0.856666263711 0.817446938169 3.57711981242 1.62617564778 
0.994088367574 2.92882365035 2.67718677855 3.97430139762 5.38425880108 
2.44775285818 -2.5721266956 5.91297050741 1.14160675397 5.74136112511 
3.92579542529 1.64580796182 2.78687564385 3.2181361283 2.21011578901 
4.16224799818 4.24768482165 2.22505570812 0.793452877312 3.50957241296 
5.61500213749 4.85273564679 5.30507526123 3.54701066283 2.64630668917 
3.14533106847 4.23026035992 -2.55439514583 -1.09452157584 3.69071745701 
4.0890487206 4.49851952691 4.2505022475 5.32751547952 3.77239730491 
2.76812030542 7.43778432238 5.74410893337 2.06610076247 4.58568814774 
2.52439369785 4.98228655044 1.98346194207 1.93205733781 -4.00954874378 
0.179122984878 0.677928407791 0.782180895664 0.653308638689 0.382966331626 
-0.147175694689 5.9435336019 2.56317904267 4.56958052315 5.57223365603 
6.13278378366 5.53123495439 5.97498568333 5.6121495743 4.72775449043 
1.28012594554 0.70207228983 0.948802212865 1.61264916815 1.188194369 
3.16675180163 6.54003070711 3.87119386977 5.05701786875 5.71884912856 
1.76833827832 0.699647017594 2.02703906425 2.8428766567 0.25210857378 
1.13654679854 4.29322033039 3.59231597966 5.24885014078 4.8452253736 
2.75637498711 1.70313973206 3.5981794771 2.4578892497 2.57712415652 
1.54764979921 -1.55752948967 1.50305508051 1.78114110229 2.02301751529 
2.26367676184 5.83208058149 5.39253605232 4.58067001347 4.71629830011 
5.63104393745 -1.67468028504 1.85344962981 -2.96012496867 6.06482987118 
4.52613224078 2.62564706839 5.99963901186 6.31914666125 6.78271136568 
4.76008983945 6.28019481526 0.382080621289 -0.456220071898 0.51543808046 
3.72233743855 1.91222565114 3.63582344202 4.31127066722 3.83581850181 
4.1533856023 3.24898895449 4.62630140094 4.13316534707 0.00863222519837 
0.787794671445 1.10434232192 1.30121371413 1.06567788248 0.720844257726 
-0.368749531919 0.855975202437 -1.06000005216 1.06133019099 -1.09128843066 
3.41704887453 1.35387710156 1.11744612526 2.36312793902 -0.41471249704 
2.03097514011 5.19843146284 -1.3919875837 3.4215755271 3.85132172454 
1.31384952323 1.27090924927 2.29911318992 2.7999668092 2.95199431236 
4.90253365938 2.72279468089 4.36811394823 5.13655439001 8.87173658441 
3.94512119084 1.53298598012 3.58145131302 1.595927236 0.12687723265 
4.7458107518 4.97134036341 8.30978364395 6.36169001267 3.39845934588 
4.54846523466 1.61586250716 3.43743639357 4.57947043088 1.81096846293 
7.18120722113 6.60772201119 5.55361783555 5.95170981916 5.24622537757 
3.06108861618 1.73921134506 2.85228288994 4.54511348499 2.25473311353 
1.33159527196 6.72691502262 2.23623830128 0.756528354789 -1.03610626483 
3.09021159768 2.468109698 3.0546537456 3.40283840823 2.82629957021 
3.30416983649 1.75302819648 1.41829237594 3.2484301983 3.46315367577 
1.87289748302 1.90532039165 0.818534517951 2.68588261341 3.19620043455 
1.34153237324 1.84923695777 1.51247996097 1.6979133244 0.584451742911 
4.45836303351 0.788117669735 3.90799579544 4.35507469975 6.76090444241 
3.05733440504 3.29322952332 3.93893859496 1.00852717853 2.56708051219 
6.89436641299 3.24906160072 6.02773676167 -1.82890950607 6.71760772897 
0.0875349230121 2.48063789117 2.65579683451 2.5091829724 1.95438978246 
3.2340391748 4.11360071569 2.34451092233 -0.609139564982 3.7693982515 
1.51544937473 3.53916733988 2.75418800452 0.441777529576 5.00763675991 
-0.553302287205 2.04084958941 0.678149424543 3.99501998028 3.12781072781 
4.27056525747 4.41447405098 3.47411928197 5.91566269895 2.94203976804 
4.03192904188 2.25511121751 4.06831275958 2.7225189513 4.22065193006 
1.48943143062 4.80789451963 2.95143264029 2.15568144018 6.409418991 
3.8655038812 1.64235901485 1.57554920272 2.19668054994 5.41380940603 
-0.340696885921 3.44576956339 4.73748334372 4.25131709953 3.45425209807 
7.05165219657 4.69597809468 5.67229484891 4.19476197247 4.82473798282 
1.71632382931 1.1539645901 1.96823997295 2.43451535322 0.255509465751 
1.05884643687 2.14386355943 1.33310577969 2.10579183558 1.78244865264 
3.72344727078 6.06299728756 2.31744898261 4.89523845338 4.70301104152 
1.22089164504 0.115454618689 0.651039149188 0.21792697167 0.978398421015 
-0.241311888317 0.945208618758 3.37686219185 2.82112779141 3.54715129723 
4.26775432138 7.44249319372 3.2147928693 6.48342417564 6.36131404639 
5.16593084603 2.92846661094 1.00534510402 -0.448144456668 5.3400436988 
4.54471010849 3.47805886274 4.22167518176 2.81795270667 5.42679288445 
4.55913769801 5.00457289296 5.4582086313 4.00447401731 1.41594794958 
0.0945606168343 2.28421925321 3.83576670462 -0.461848843088 4.29249552576 
4.62995002501 4.40049725413 -0.200736691234 2.41942773018 2.35545986489 
3.75710614094 -1.48663490953 0.732727314007 3.81332494983 2.06149789483 
1.05737556463 6.14375572555 5.68989208803 5.2636315048 4.39175188367 
4.23615641591 4.3633799765 4.39342180878 2.42695289928 0.895350283579 
2.36951397295 5.42766467513 2.53158096975 -0.214402783086 5.62857648381 
1.81266309947 1.72124354823 2.16042176187 1.87762902322 2.36429424674 
1.66922063298 2.73420581424 4.3478557066 1.29685252009 1.20118994148 
3.81811219898 4.57622632833 3.89418409386 6.99776839335 0.199961704484 
5.81254678586 4.75608680227 4.6366041424 4.35626700749 6.49970419546 
4.8023647402 0.664291426499 3.32821212892 4.32728160626 1.95077677359 
2.00198510415 -1.94961482266 -0.114917930277 2.78959365522 6.2026574752 
2.64211158161 -1.21834599007 1.99725801692 3.16294577425 0.586295554966 
4.13109362734 7.04896828034 2.39618607083 6.59501624051 6.15749433769 
6.64005235284 3.65636662379 5.15467899358 7.16083480578 5.99123573632 
5.21564411249 6.17089082835 7.60126187942 5.80585691808 7.3667761439 
-3.26214483845 -1.9379991769 2.01414338296 2.68509003022 -0.819673186989 
4.89938957015 6.68857287503 2.91556084144 4.02933506011 5.01000957638 
2.14950651491 2.21132556847 0.753856167705 2.24519644078 3.52097470905 
4.17679738824 6.27170967891 0.989304808586 1.46196208756 8.03848576549 
4.98724538998 -3.99626947339 5.69495876006 0.615903157148 4.34818740668 
4.93176724332 3.6554296358 4.31628166606 1.12838358404 5.40631003544 
2.19687828173 0.253736344734 6.28519545823 4.99146649724 4.87823394361 
2.62709688189 9.30393605723 -0.799278710931 3.72309079057 5.96608531753 
0.533915605104 0.825655820123 1.88173687749 1.13553302844 -0.274572897459 
-1.82137020353 2.06940954814 -0.0284440206359 1.49606777064 5.48279517631 
0.915120481972 0.138686119499 0.882143000113 1.44421039882 0.776101605535 
2.89601869672 4.20932404748 2.76074140316 1.86462025408 2.36595729159 
4.95952440612 7.79889389978 5.32873899209 5.99611900402 3.5689226293 
1.28217085899 3.9800882954 3.87455816899 6.49879713998 5.00567715535 
4.56136133238 5.39248851169 3.99522773501 4.73172572095 1.05629821921 
6.29637028768 0.155999661693 3.32215814739 4.1509866376 2.23850433912 
2.86748676838 4.67246743606 2.02823587089 -0.395227144541 1.35902798228 
4.41764899636 1.19842763607 1.40608615183 5.34922804894 2.54110646405 
3.17637306707 3.38607288189 4.20296179189 3.68959029802 1.11739626504 
0.500171610927 0.0385395095744 0.198280955392 0.353231177549 0.47625560233 
6.21110488728 6.47461821982 3.96081255451 4.65323010759 5.55433791238 
3.75003038655 0.583601524427 2.81442996369 0.262451197702 3.00898130682 
6.07770375351 5.73107876472 8.53916125608 4.99973879958 8.53916125608 
2.10602961964 0.0958973930387 1.34573366417 0.981660624777 0.708746266134 
2.84067417772 -0.639451229223 3.27263715406 3.53016755563 2.78771546332 
1.69241825388 1.81065652718 0.824772213541 2.08511035319 1.26590026339 
1.20629821607 0.81411081199 1.88020537501 0.50525916844 1.9145334616 
5.54173300662 0.963570767517 2.56137076468 5.13703489039 3.69750452907 
-0.00266754033923 0.669903005126 -0.33064378748 -0.359508834992 0.0537800191429 
2.08715213085 2.71896833273 1.91315684421 1.90560685035 1.21994324805 
5.99236370067 1.86178917705 7.46798502727 3.62671614794 4.16988365154 
3.88837100266 2.04225411811 3.33565155662 3.31889392781 3.01907195618 
2.14682680086 1.97742871167 2.33081515853 1.20818017848 -0.615793930027 
1.70925048656 -0.791150579728 0.569368560295 1.98226951701 0.970694292157 
0.218311810111 0.437585013076 0.0916274914577 0.512016571415 0.708012456098 
3.87661247098 3.70854909558 3.88638351032 3.81486713776 5.54750211179 
2.84970552241 1.40281221679 4.86005010988 4.67463400384 1.98657345926 
5.48644329656 2.57216140432 3.97373502442 1.26100864343 3.6466604094 
8.64622601932 7.71643908182 5.54233108585 7.77903486473 5.83582601098 
0.478836108666 0.408095645484 0.397498257148 0.184791800896 0.331052101706 
5.4318796554 5.89672483599 6.16284373378 3.77183122084 -1.15111477653 
6.67052422338 0.685755003141 5.51215529745 3.38998187417 1.20320550472 
4.27899179031 3.30189799877 4.41363039795 4.29867625215 4.59004356646 
6.80004237093 3.92957633738 0.0810968475574 4.51976418034 2.40588382135 
4.05657168622 3.73858901428 4.14136620561 -1.3320279976 0.215040562496 
2.76317155354 3.74051855779 -0.404763074789 4.73806224437 4.26178570956 
2.99660517492 2.38603490092 0.616982532313 3.38417709464 1.27682429259 
2.60154657332 6.17368467425 3.19964012479 4.04213011604 4.58617215199 
2.17173202719 3.48043399604 2.67992201422 3.46211599291 3.00935808826 
3.25215701973 5.60792623321 4.74938013117 3.9429035218 5.52877849153 
4.13598638584 2.98538262351 2.98485478915 4.8604302229 4.4513293405 
-2.84762531364 3.01675067195 3.38604901959 2.79809951161 1.65966209162 
4.6818679288 4.35939852964 4.66619488848 1.50323539279 3.32537218155 
4.90356928067 3.33424273125 4.28031142402 5.24806812644 4.38952054242 
1.54802524113 1.12776124636 0.512514219084 1.0069251955 3.13399100731 
5.38890303569 -1.46312026112 6.75380040073 2.27237553219 6.49659707971 
5.26523643892 2.50857170115 5.17384367192 3.96259351623 7.50216772918 
1.83268329815 6.84702048244 4.64080282714 5.4344563529 5.46951084807 
7.1498842923 7.17948868208 5.71459390632 5.89158721705 6.05694338249 
6.23725350927 8.20391134093 5.23970161174 2.54726991184 5.42733385358 
8.05039839935 6.87472667354 7.47621736108 1.6337793686 6.02283329264 
5.62812036003 6.51619852737 3.3825645369 1.83773431524 6.5004339336 
1.99428981727 2.51908598914 0.947224428983 2.5302936345 -1.02089500191 
2.34203612147 4.59435964936 2.92108543383 3.45119301317 2.77767808786 
3.81754724355 1.49504333672 1.30380282391 3.89500619174 3.48173546375 
4.41869432128 4.1737299829 1.75555879474 1.05232946871 5.38284147541 
2.16427643943 1.60780283819 3.21435495457 2.57179160453 3.03220878648 
5.01353286109 2.98458795008 5.47453355696 5.28851207957 -2.08568242474 
4.14349262713 4.82551753804 1.80144047761 3.36721460348 2.59376869612 
2.51516135678 2.96765459641 1.26059350405 2.08992882485 1.79483525177 
-3.64251070003 6.36899545738 6.71065137854 -0.911542456089 1.99523034918 
5.04574139512 3.53612191316 7.64959575594 4.55453519046 5.33129284539 
2.95330056623 5.70147637951 4.65050438713 3.11848631586 2.89874106053 
0.893536913641 1.60308000057 1.14100267719 2.10032579547 1.2856627205 
4.59928041123 5.99528736428 3.78785039328 1.84561423101 4.78995731139 
0.0872181590719 3.58998372653 -2.25842929356 2.93795760543 1.52737357428 
1.0788213905 1.30620412683 0.853607184342 1.16346629275 0.269546742772 
5.29439820401 6.25512047715 0.906394473861 4.55791544871 5.0881792989 
-0.45289435522 5.36243259136 6.26438875358 3.06733482823 6.04203176093 
4.0188995641 0.22191644469 0.883196278922 -1.11867788172 5.77171205376 
0.596067408493 2.50256142411 0.298101251112 0.456843969903 2.3015633922 
1.31562178453 4.34828776852 5.36793345814 3.17052828621 5.74224241663 
1.1321737248 1.45002318383 1.15873559343 0.050193433033 1.04245039375 
4.66802422883 -1.07918224238 -0.477518626072 2.71580638412 3.34348647349 
2.87298915999 0.318729965798 3.48266881841 2.65073710218 1.85608597437 
2.44038598911 4.47840996292 3.21209609693 -1.69728020921 4.83551306865 
4.7912871315 6.26977308803 3.86905083638 5.42953016979 6.21985452633 
2.82849892031 2.91054694659 4.78615445679 0.666716737261 5.94662525766 
2.89027764011 2.99522749269 2.77902735562 0.0762761085185 3.44470579104 
8.20685973356 4.38869568584 4.0274479701 4.28349755717 2.6456918006 
0.732435985292 0.667266262641 1.50627286184 1.62917490357 2.0852908404 
0.971044020635 2.87261968893 2.69175242169 0.870584398926 5.35463351459 
4.57804756119 3.70094121422 4.30218416575 5.88869971069 4.98563129735 
3.41796470599 1.82587481143 2.32339370369 0.4106596088 3.6049447655 
3.21752803278 4.6064503767 2.83194692707 3.33856154369 2.93036093301 
0.367425370456 0.75645859192 1.60869351772 1.92120213419 0.560879682098 
6.15857613042 5.97221338513 -0.476665056402 -2.74668914439 5.3461444125 
2.16574789394 4.99554689514 6.38777264034 4.85509525028 5.2268091394 
6.12203891916 2.72089410732 5.77566789378 3.37505004445 5.82099857788 
2.92496968814 0.764168917941 4.63945044248 2.77639361473 3.19469719799 
2.05177677139 1.80937940239 1.65272579217 1.82746125673 1.73631620081 
8.61841402415 2.16785886847 3.50078360134 6.15614949592 6.23325118833 
4.84538240806 6.32233914168 -0.406606203748 3.96245163829 -3.31651949228 
1.03653039088 -0.835707212115 6.32619180187 4.93958393258 6.64951451484 
0.874999472061 0.772457814367 0.840517725049 1.34048939361 -0.326655396856 
1.29578676857 2.53064114561 3.81557955052 3.37727147156 2.50041035803 
3.51544924592 2.622956362 4.59635769797 2.72879550344 1.95611677429 
0.615553376749 0.146104435778 -0.0567542249939 0.444825926179 0.42888453149 
2.09245678119 -0.267178267652 1.69286164544 -1.91815896756 -0.374788662515 
1.09134579026 2.30304217414 2.29602699441 1.81275133931 0.313977627313 
-2.38023166436 2.95986579261 1.50596149728 5.99022230445 4.73265749093 
-1.56733489983 1.11158134926 3.1577077184 -0.866116108097 5.75102635266 
2.52566012887 3.39691477469 2.2799907211 1.89033470695 2.92904907485 
0.254019820498 2.54996234939 -1.37573831267 3.42709442342 1.67678683022 
1.30894128324 1.6904500584 1.68432060607 1.68565630394 3.52954764543 
0.406742918308 5.13572177016 1.48418289314 6.88631426479 4.77578271642 
4.99774030406 3.38245904269 3.56153345569 1.24813028163 1.44434465672 
2.36103908103 0.37196585878 3.95012231538 3.70718500409 -0.118664703234 
7.12516632309 5.41538373432 3.53998168626 5.88286146218 3.6437009935 
2.38859272084 1.0557513699 1.11484106728 -0.839674300914 1.86184994565 
5.08804127227 5.81626931913 -2.2248595329 5.43733281594 6.80325087136 
4.0319102537 3.74585319911 3.16395665902 5.41332255849 5.55330709131 
5.91471145511 4.2319276032 7.15595594546 5.15520263277 3.99837214678 
1.64255417239 3.36423945451 0.822980501053 4.4547456339 -0.128617841771 
5.37830421374 8.60321835267 7.83624145157 6.53144914904 2.25945990803 
1.64131578586 1.76855187497 1.24423437174 1.50824649419 1.00987322679 
3.36533886814 5.18807141115 4.93710883881 4.64923139241 1.4120655841 
5.96459541076 4.14811963378 4.6876535946 1.89705801697 4.53288161031 
1.72630206973 0.35070144676 2.19983815708 1.44565860008 2.63755682116 
0.485566655532 4.33144560196 0.391701134485 5.07581979141 4.65718000491 
1.64500069497 3.68969150047 -0.140545233411 7.54736808057 5.25977715554 
-3.06431766953 4.28412351608 0.0102795100897 2.07899282975 3.20373770948 
3.0385222636 2.07082357533 3.37183000124 2.5595205836 4.9984373576 
1.05932787122 3.50122304479 1.12405214021 4.2124301853 6.79865761543 
4.78074285526 2.47802973871 5.75915870471 7.76159662476 2.21742775043 
5.25977774106 7.16606451294 5.39154111561 5.89899500788 4.51419909131 
1.23309076169 3.9365538637 3.16780569361 0.706667859576 1.18132330351 
4.1277856769 6.07531389528 1.9132860137 6.09629612095 5.28338036274 
3.43413970075 2.69628976505 5.70824016318 3.09046083044 0.647022081149 
0.329422336986 7.35214983033 2.96754570703 5.67537007566 7.68526661717 
6.50715972019 7.10549858254 6.88398368942 6.4783236947 5.55684958335 
2.11737778678 0.536037286215 2.00482958979 1.2335690233 0.0517300627744 
3.90647180385 3.37122335125 3.12241444377 2.98626044839 1.53646534918 
2.45428370433 5.18615035701 7.21135005778 5.9562541177 4.64580158144 
1.49455262048 3.53777185141 1.77173631119 -0.384878568877 4.06911523549 
3.17948420797 3.09935652855 1.37559700575 4.03177582033 7.95087689707 
3.59469439582 2.51768424847 3.92040599363 3.88802315878 3.34721877353 
6.04218662199 4.63623400965 4.65951545376 7.42136429897 5.84397134384 
4.3121934961 3.00579943544 4.48125947796 3.89194017207 4.43023138744 
-1.2716272896 3.8357061811 5.1629870712 4.84856787988 4.41667600258 
4.79683439111 5.62863787194 6.25595647777 6.48651506372 4.69950302512 
1.34494968271 0.482568230426 0.563123865334 1.17763389115 1.04378263786 
1.29492688761 1.00748370071 1.80206847225 1.63264648978 -0.611864077299 
5.33467821251 2.75088335341 1.07285669806 4.285347356 2.7004521731 
7.70470262055 1.91224512886 5.18297921363 3.93376842388 5.42492261581 
0.738826922839 -0.120873984156 0.116370809823 0.738826922839 -0.250175705286 
1.33178545715 1.30945946515 -0.134520735786 0.934743694762 0.553161011102 
4.57050519883 3.98055620005 0.53655523751 5.88918019299 4.14398307952 
2.64897835939 3.6130854578 1.88920173356 3.84145236852 1.3065489262 
2.05262556229 1.59199911454 1.1678475352 0.196660750179 1.65507321132 
3.05209014671 5.19389379233 4.88242877944 4.82937102822 0.847757888712 
3.4922550315 4.25187935845 3.29832788842 1.80213080768 3.75382550119 
1.88485683846 6.6951129638 3.85768945986 4.04083568595 3.4826025832 
1.28080616645 0.732932965285 1.13054082569 -0.806991061062 0.480369237677 
4.16294477294 7.48082884163 1.87724166346 4.50713552519 2.25327779019 
0.610227713284 0.696565432935 0.655329306395 0.41411318485 0.492482194506 
1.37250082546 1.28618486719 0.961057673681 0.35786893735 1.33187223672 
5.45628858912 3.42705334727 4.2559429997 4.77838385168 3.43797530903 
6.65937703448 6.13066563138 1.1034483007 4.64883979698 5.00141730988 
2.31308241837 -0.0558092051241 0.12764474839 1.08170077332 0.768626580641 
1.98598917182 0.23880331333 2.29687618559 1.98654770456 2.13526176804 
0.738763831773 1.5878367863 1.28926784251 0.841776105616 1.81974976207 
3.39121570697 3.73078378423 2.20206335816 -0.0369783632475 1.99936275661 
0.490206483895 1.07242388432 1.94106417273 1.40348950849 2.1061197391 
-0.127352067386 3.45596518894 0.977320972749 1.07944488346 4.13591399007 
3.71995824541 4.20887813381 2.89830835118 3.10514318966 4.92362639134 
-1.07849988978 2.68628571141 1.95019102861 3.77624350512 2.08777828723 
-0.0236388865891 0.818244913195 0.557964363921 0.305665745219 0.856667881245 
0.101062706347 0.739230304914 0.735599670855 -0.569088338677 -0.461521844277 
1.57231004288 5.01746425457 2.47210940735 2.56224741819 1.84389102263 
2.82212244446 1.54161258724 2.27176183882 2.08042199468 3.53499520163 
2.66629794802 5.26882790738 1.35789664662 6.26405727371 4.48249067807 
6.94581807112 5.1874466712 4.25499602776 1.74250356938 3.05211275126 
1.77376598989 2.30499375166 1.84722944455 1.70366165961 1.64654372905 
4.23577048878 -1.21650801594 -2.37427062107 0.268237990882 4.58855355905 
0.134826617835 0.556287791534 0.217996468802 0.251021603569 0.0226071050392 
5.18197134748 8.29906340785 -2.01591030417 -0.570800345146 5.87827783694 
-0.105139265604 6.48537722055 6.25657626563 5.10729594359 3.99029444522 
1.00786917137 1.29898475918 1.02663710098 0.475920009546 1.73009307736 
3.11264074292 1.31292769562 4.86704938797 6.23801011478 5.13340993261 
1.95822719372 1.08241071231 2.77306733406 1.85401068721 0.792367964117 
-0.235587487568 -0.093992431167 2.65199789102 2.48818140247 2.7910837114 
2.1415939248 5.02453574272 5.01840125585 2.96514531902 6.12350927072 
4.77616706497 0.000777471751445 7.01645135112 -2.67198594455 -1.63804913424 
0.0277577924876 5.26594904676 0.703988427137 -0.233702476378 2.71927411049 
5.02728244982 4.9201305201 6.80587868645 6.3260760422 4.20463096543 
6.82747543678 3.56427769617 5.56102699482 1.70193257839 5.59433760648 
2.05683458453 4.1350702864 7.5687701672 6.47313115263 6.24969291395 
6.39311781967 4.67684755719 4.7937889288 5.07062904384 5.26890716139 
6.57320410994 3.72351789721 7.21873868046 5.71710623772 4.91602875334 
0.0628955311672 1.93568760315 1.24338882956 1.33747725663 2.2848449589 
6.88496333295 5.40667399039 6.95173451489 5.74162001838 5.66947011043 
0.841108086387 1.85102239695 2.12125824846 2.86750648541 4.30927079856 
6.72545277601 3.46792835281 1.79479000798 3.96775916614 4.1567858369 
0.915217361109 1.51868912181 1.49817065854 1.29602823131 1.18175121626 
3.93244823657 2.57077569464 -1.44144341279 2.82070897428 4.25347585832 
0.483263194643 0.496800150148 0.515521826595 0.58707747351 0.829005380895 
2.85730505889 4.37004919339 0.539826752562 3.28789919706 -0.100553027343 
1.10561156335 -0.00973387287203 2.85903096185 -0.0581304514809 1.37347652615 
2.20430308162 1.06418925809 3.32662874406 0.0758601965957 2.64422195404 
7.20243660943 0.849075557222 5.84010996854 2.64777238641 5.23474543342 
5.45351897168 4.29675380187 2.60425688547 0.0169533666837 2.24588444707 
6.05374688129 6.65242799907 4.24588112457 5.84320022962 5.63859206021 
0.480101184902 0.657807778545 1.0858316883 1.16542961561 0.156587797312 
2.29263534686 3.20369716526 1.47660271569 1.00486587674 2.51476586845 
0.438226008458 0.757706280069 1.62202692769 2.40184108719 3.09857561755 
2.55590689269 2.87158301146 -1.76299086519 0.504282941757 3.06997532192 
3.74780436953 -0.0144321051124 1.67982174889 5.05734189623 3.73402718914 
2.79745058857 0.614615338755 3.11901097978 -0.385671594961 1.76145456637 
2.10515663126 4.72769440916 4.10342848159 6.11213237786 1.46535195082 
2.34348084722 7.15137565415 5.09313193016 5.73186370758 3.95540135825 
0.534802846436 0.1684678215 1.12492449014 0.847484743742 2.11045844931 
2.83159515503 -0.714994829886 0.402895271873 3.4117774037 2.53793117827 
6.23463036199 5.48505967219 -1.52295092643 5.35649503046 7.02066933205 
4.55522992956 7.97314701843 3.03273859914 -0.629410620913 5.30117165519 
4.83913977066 0.760201517355 4.44232861546 1.63813494744 2.84512389191 
2.57362315712 3.67001343318 4.36781838566 6.02426691381 3.95851636656 
3.73398490897 2.2707612677 0.939440039728 1.13862769876 3.62524544955 
3.03531852097 6.68864320939 0.37198833587 2.0567221064 5.98703086507 
3.43715964047 2.87498408827 7.40171597522 5.27493050715 4.88311585819 
2.44799776297 3.31994182848 3.2135748934 1.17805110071 2.1256781039 
2.90901789759 5.62903448089 0.718393988247 5.7896850362 4.3986248825 
3.71033479427 5.28841215254 1.96818186056 7.31062192041 3.06696226489 
-0.793722271181 3.93105536754 1.5866049542 4.37601334887 4.83719915224 
3.55614972522 1.45150634783 1.65745630181 -0.330920968828 -1.323689809 
-0.225694009755 0.685319563137 0.349501309455 0.758286174796 0.59556747202 
2.4774304477 6.00371379166 1.80445649269 1.9010299115 1.55312441376 
1.7599693871 0.70914394012 3.0116598224 0.076145058549 1.52294969217 
0.899595869555 2.6649548592 1.6275511953 2.5383436144 0.762696097402 
4.90683062851 2.46492268858 3.56499927174 2.7047468458 5.23103418163 
-0.0925801954453 4.73732378207 -0.897723367718 5.7409965793 4.87247571949 
5.54217264214 7.82347959266 7.41220765858 0.350447066599 5.58657454365 
4.10122139132 0.894551913137 1.71118805698 0.81296977141 5.79870496808 
3.9645200232 4.12267669396 3.69635316268 4.25262783666 4.51890369245 
1.73916307998 2.20341219897 -0.216772641085 1.6648647298 -1.38369515221 
3.88010566612 5.16999816178 5.70183476109 2.52158768229 5.2364409717 
-3.18667333884 3.53384291396 7.17687666055 -1.32910796155 3.03976266645 
3.71198313826 -0.323660806291 3.40218001318 4.03540446492 2.0339813596 
0.489203070074 0.676165872907 2.0441207103 2.68421224771 2.23439701512 
1.32982100534 1.41896507383 0.959669426273 0.0594533963271 -1.30857897725 
0.0246498342358 1.39942319222 2.90926599891 2.5342389075 -0.133559253887 
-0.230653459383 1.13737967134 0.464967652887 7.14058299844 1.5248710876 
3.6939966913 2.56798053976 1.99334781115 1.25774473321 1.063411938 
4.09392240522 6.7884349598 7.07266862128 5.42420124115 6.11704283905 
2.95402709808 2.0206373454 1.80663460041 1.97324732932 1.81425870937 
0.0337926184876 5.68776554238 6.15862957388 0.787457201744 5.05289995233 
6.74652807409 4.1161891113 0.974320014999 5.40831494609 4.97020506 
-0.687749467915 0.519085343373 1.69994099968 3.48537760133 3.76258896548 
5.4389388074 1.98789773672 7.47878059087 6.96945750119 6.48786734785 
4.24784586246 0.175249604411 4.05703297095 4.21285537687 2.75740198352 
4.38260867911 3.86891760495 2.19024361932 2.7102079452 5.00683424051 
2.27403053615 3.94873098397 4.0156676622 3.67431616073 1.74192416831 
0.12135975364 3.75839406289 2.7290851908 0.757437759818 3.21040800773 
-2.02166928739 5.41823660352 6.76405791916 -0.790535152972 4.22743097101 
4.29063350144 2.41458302893 6.24385373137 7.15629842675 5.32659877069 
3.65745288075 -0.10295989397 3.02316904246 4.54095853917 3.31834852231 
-0.000584269340954 1.62608706231 3.25359444552 3.62643506269 3.66226517258 
6.85906857486 1.81184350056 2.37854326934 3.41013503786 4.21756983272 
5.80894813802 4.22935756856 4.41889010401 5.37835666732 6.07076740191 
0.683646639557 0.611999242212 1.19852939023 1.445247067 0.90473933141 
0.0196951104725 5.00615252102 6.66746572003 4.26395102349 6.08898714783 
4.84692423999 2.82288119616 -2.57987940547 2.74308198827 6.178236029 
3.1627824758 7.09395508161 5.06734947806 6.17178733254 6.5824328158 
2.70973043821 5.58416236161 6.16703198928 5.08297588724 5.20002655021 
0.65476663492 0.527444092149 0.412222632257 0.777984124509 0.360093879542 
3.13722440281 3.74173651808 2.036974543 -1.14887131452 4.34363866233 
2.87005844321 6.81556780284 5.45017982743 6.91354804591 1.4848897321 
0.249380710693 0.720494628582 0.0869700574192 -0.0551048811251 -0.320179908638 
3.86507470996 5.1898433359 4.6585173999 5.37262592397 0.745903849775 
2.47207141548 4.77203096218 2.18750573424 -0.638918433428 3.15470809679 
6.4975710879 3.99948690815 2.18891641373 -0.200182221587 2.62575183998 
3.25751002339 3.18692341927 4.72966287495 1.420787759 2.11937335657 
5.26738812876 1.04780723144 6.43193373119 7.70682987837 5.84876095632 
5.75626090981 4.37872906508 7.96316926417 3.63763722189 3.58183964372 
2.93768808267 1.81738808116 0.551588987789 2.29516967579 2.77752795323 
5.66957806335 5.39276140518 8.23321723505 3.73626034135 6.91594907024 
6.50844171488 4.85912085204 6.82487021988 4.14164722296 5.43022768044 
6.13615477561 1.99021091794 8.51687165174 7.30801804093 6.17768860429 
4.50486237505 5.07951489678 3.56736487906 0.43942425915 4.43314883296 
1.55323699561 0.792924403174 0.815790605544 -0.587172156622 0.146855941815 
2.20345691531 2.14040717104 2.20632470597 0.568663502466 1.69101847202 
4.31884587341 0.242549025688 5.97557045896 6.04018866057 6.26854914661 
5.68291380453 1.58622667964 2.35640774285 5.62552670333 3.79648270244 
3.39096589749 3.87624624611 5.94981004243 5.80973862893 4.35922771504 
2.88433737025 2.02732389583 4.02878870067 4.53376979602 4.1807538012 
1.24401570531 2.13395058899 1.70292784497 -0.106995887985 1.31436749239 
2.86744157573 1.9687760395 4.16994262252 0.800258391347 2.95686200446 
3.65670352982 7.1323136641 2.4360588038 5.7038719906 5.8181218536 
3.38579676587 7.8863107089 2.12738422646 6.09231750876 3.28172114012 
3.02563911825 2.74555707506 1.30197391268 5.68724464228 2.7241176818 
-0.604827883369 3.88351883884 4.47839714832 1.06647682927 2.62212049127 
1.37828320164 0.276938996882 0.601124167118 2.39862258509 1.36067246859 
2.95996726488 5.6209699502 -2.62614827853 3.96804489482 4.72082036561 
1.05240574668 1.6401434494 2.31540445568 0.877685578205 2.38189257357 
3.33822830394 5.64928850623 3.12352932271 4.30297115886 6.51258636273 
7.77280065388 2.44985946125 2.73536857986 4.3065770134 6.95526306536 
0.207207391267 4.5145327833 5.25043854411 1.43515924589 0.661499883156 
3.61776098478 2.30954756529 6.70873486758 3.93630997706 -0.161451292589 
4.69866138516 3.0863913245 1.92319865487 5.59337823995 5.51744446488 
2.52642894519 2.27121786456 2.71196657989 0.129089178489 -0.760863711953 
1.89560950097 1.53708570291 5.27592596286 6.18463016963 -3.19510696149 
5.77512949944 7.32922573473 1.84357095464 -0.779338723436 -0.0675056588935 
6.28575631631 7.06166177125 2.92850559535 5.15902427039 2.98432914715 
-1.25220691319 5.4615689292 0.609671149286 2.79988386486 1.41207120819 
1.2116083277 3.98531345434 2.052424734 5.48059518296 3.34727215161 
5.19881366794 1.86939989646 4.88645594656 5.09827557704 -0.197885460914 
1.03583217339 3.83840983699 1.58500960281 0.655949364865 0.0878237258817 
1.29007823172 3.41583204565 2.33085427407 1.77257152345 1.63390979925 
1.77493624261 1.51745915775 1.0667326936 0.412572606728 1.82260471721 
6.24362353936 4.96619655414 1.8629906854 -1.53816237806 7.53956423733 
1.9193238652 2.84217151256 3.78387009997 2.70296394704 -0.389986878164 
5.17762977693 5.78202533489 3.37432356299 6.23443819324 5.61679000597 
3.1864256569 4.37483260256 4.33938851315 5.33997625544 5.17568273291 
7.40019781077 5.57632029662 5.73147744523 -2.68143668452 7.54284487893 
7.67474353768 6.25272920098 4.99078074829 7.92598244083 -0.384868001389 
5.21399283156 3.11419197897 -1.12683827268 1.72781609235 3.40882804451 
4.95486837008 0.334014195863 0.331047620437 -0.566742395913 5.56460779873 
2.41020919466 2.09988299572 1.86112266834 0.55991787378 2.49043389544 
4.0621536437 4.73987614053 3.8320326418 2.74415331199 3.33770702638 
2.06009361192 5.14338278617 1.55585459112 5.09415757982 4.36118838729 
1.94251563697 1.81153215721 1.9893224495 0.343035745655 1.2788718758 
4.02580823166 0.0733427903146 4.44505773216 5.92363349266 4.18945533438 
3.37486091716 2.74725839006 3.28706571989 4.45492036237 1.68378799216 
2.12827827429 3.27872665325 1.26172039375 1.46930332069 -0.728131058961 
4.53275541361 0.281278545192 3.61955540261 1.73543335987 3.40028387266 
4.9086166282 3.69387009079 4.4364960727 3.91697282445 4.7375853302 
1.73052102247 2.66074259316 -0.212693400778 -0.185567370925 1.79230642742 
4.58504202859 -0.670557400824 6.37449096401 -0.835774001323 3.43010857533 
2.15496043711 2.05043891148 0.125213581574 1.46860388114 4.25317789137 
4.36029480298 2.4306669216 4.67533794232 0.30528106791 4.12670861378 
4.17113272823 3.98760003308 4.40922153926 -0.124218813981 3.67971206732 
1.25402844701 0.588070718806 0.680267955171 0.423523642243 0.552248963286 
0.337993555141 0.503759108941 0.724373740815 0.296303180398 0.390366457167 
2.99253696317 2.07153941311 -0.839056779968 1.582265488 1.71941385992 
6.0027266045 6.08653504759 1.41294274811 5.9715511364 2.47351858268 
6.71689975952 -0.862516245378 5.18335132921 -1.80894145685 1.59290843381 
3.74421777455 6.66500617554 1.4809035684 4.82161312063 4.86499541938 
0.525477971961 1.14628720739 0.778544122102 1.36659482301 0.904908906571 
2.53551813641 1.40473823622 4.46173258548 1.31353567978 2.42484665915 
5.437180104 1.20168861641 5.09951888711 5.3055382786 5.1719017199 
3.98283859124 4.41895239459 3.4763909188 6.61027719252 6.33659186807 
4.64767921409 2.05449831963 -1.35148381679 1.89655096698 1.0797588595 
1.4156267562 -0.0100140036396 2.1289068322 2.03030090652 2.14725117363 
4.08518629116 4.87360028694 2.39716780167 4.27864566646 -1.31121642892 
4.80988893748 8.15872702839 -0.121051737664 1.82073783767 3.75010964284 
4.01723632589 1.49046763916 0.810111784195 4.28929637257 3.55225057775 
4.36773354213 4.15820531217 1.69019261146 3.42130755361 6.99010641135 
2.26437555991 2.2881810719 4.52542618007 3.04588090197 4.23076697074 
4.12139309096 4.57154205518 3.40334437689 3.00201825783 2.1624888173 
4.58562722243 4.13523805709 4.79438087692 4.61350735593 4.88098605381 
1.04095640712 -1.35520456059 1.38167230588 1.49894175565 3.78942724063 
3.54262107057 2.78280519556 2.92857219642 3.20668490773 2.11193213404 
1.32105341396 2.68206119302 2.36893850459 1.06095021047 1.67970793389 
3.87009216409 3.53649328408 2.19404857387 1.12264561759 2.03918309195 
-0.214125260179 -0.273277115803 1.10994440287 1.6247188679 0.916296973475 
2.78277509694 0.305350384621 2.0158253077 2.44018355625 2.73695548226 
0.517331366857 3.68944604526 3.69672522656 8.17226436451 2.6247921097 
0.967596778648 1.03324150023 1.20174648468 1.21268760203 0.747519684814 
0.397260284741 3.12418934432 2.58462702114 0.695339021777 2.64170663708 
0.810852453823 3.52044775631 3.01218022532 4.49377766448 3.716094668 
3.71063662081 5.03563187425 3.77218121615 3.58399069113 2.89925672233 
3.2667014436 3.7731533184 1.18871111941 1.9700062397 1.7049653495 
2.08253182477 3.51318425996 1.18275030115 4.21247537576 3.76526666946 
-3.15381410841 3.34812828809 7.4940474685 6.06908851443 -0.886561617703 
3.20054934637 5.52757957311 4.08613984388 4.81856427395 0.591891483321 
5.44076441018 3.709378729 2.68141166233 3.66550165259 2.29037643759 
3.02091423839 2.37143564853 2.34219754342 2.70234186973 3.45962253729 
2.25805208724 2.4076696638 1.57692774756 2.6316221725 2.43332750475 
-0.342157025797 0.0188504181981 8.12380345747 6.57318001859 5.60605817479 
2.61057138467 2.20019469132 0.604508066032 2.51914858144 1.19681610632 
5.97898137197 6.56326901592 7.66190950067 7.17504492553 3.28684187887 
0.616914642475 0.551185347687 0.604780129949 0.53059507253 0.699228941363 
4.39823866057 3.49528426374 5.47916523452 7.23970357561 5.84107456454 
2.10499164193 0.618099919382 0.509347580244 -0.683090687629 1.8775236137 
3.33425413242 2.18668803047 4.64447568869 2.77356812742 1.28108734395 
-1.3950540522 -0.56517787946 6.29193290563 4.03939105733 0.48423712443 
1.42231480281 4.36088250612 1.33099372525 4.79501927195 2.85008151243 
4.02061992353 7.34938469658 3.26389751811 4.51080565275 5.3655404815 
6.50983762979 0.716909328777 0.547918947708 3.33262285925 -0.329377257865 
-0.750958499798 0.0690598693115 1.94533640706 1.2830593948 0.937014152806 
1.87322323995 4.36979600685 3.98303115669 -1.3919322709 4.3780347075 
6.27457552256 2.64386543472 6.16078621486 -1.10925994548 5.44148727248 
6.61965345613 1.86354088994 5.40606879807 2.11690700672 3.93101434469 
5.53084806661 3.91525674492 7.63515340549 -0.402264014746 7.19650981295 
0.666442372891 0.923939954845 0.32283179006 0.56671725222 -0.160638530289 
6.81345792613 5.07660915448 5.32097711179 0.44477133729 0.706407455253 
4.69635098984 6.83752653892 -1.19319906575 0.491834691186 5.657412705 
0.815610573216 5.9259709854 6.24676740733 4.6873458754 3.74638549705 
2.42032754088 3.18376611351 1.35509653412 2.63793390685 3.74427198533 
0.473721831636 0.599506283506 0.587545985798 0.236444828154 0.576616990841 
-2.14726620339 4.74353861314 2.27577531681 -2.64896492119 0.933700152445 
5.01809567619 -0.108914306236 4.71029726361 2.41798333745 7.92874562664 
4.53716595841 2.4122013631 5.8201905548 0.881407245375 2.23781704445 
-0.931177553292 2.97595702503 6.30375995592 6.72596257489 3.74970576486 
4.63808273791 2.25253140554 3.20860555063 4.00481800209 2.93797877352 
2.93858081162 1.55870986785 3.07917907533 1.58743855116 2.05466859985 
5.50670445045 5.85821912799 2.0446037977 2.53435408098 4.65757576472 
2.88811204139 3.33507369849 1.96514519721 2.97442476652 4.20003598475 
1.04371575221 1.87848747336 2.5538545004 0.659731118249 3.05129677726 
2.88297584756 1.44458130465 2.44189590756 2.56243738624 2.19581403618 
4.21297590319 -0.439334273979 3.46044925316 3.61264717024 2.09660172327 
5.28385907145 1.48755626783 -0.451656747141 6.12911452741 2.41252473492 
1.58781631899 -0.0692529375504 1.65148145629 3.72204063201 2.4883060964 
-1.92733782654 1.80461984545 1.80653324959 0.167901477757 4.71353880929 
0.889537626584 3.37279220811 1.73097752945 3.79016212992 0.56983229821 
3.19877182168 4.11955260232 5.76136140526 3.75059483353 2.10625403328 
2.9404164973 5.36504675565 4.74026531607 3.59983690494 3.92801124911 
0.0870448401665 5.12060073485 5.02834550874 3.56933839235 1.75182612413 
0.827551819128 5.33223008898 5.57550784433 5.73740225209 5.27815081801 
0.482861720126 0.771164064332 1.17882688792 1.31758248629 1.37084591853 
5.11658294883 0.184472040343 7.30372806392 -0.312677689311 2.34509270948 
2.1472230787 0.122172636056 2.33179134296 3.05596382119 2.26799172655 
2.50788350063 2.80948263334 2.60622714923 1.03938428521 0.834858460348 
3.35842525315 6.01308139026 2.23930964397 -0.523325979639 2.54925770096 
0.447820950021 3.69288925864 4.23802504805 4.3634507263 3.93400703161 
5.27409357576 -0.0648752955287 6.21027211483 6.44629707542 3.15812048165 
4.84205231979 6.42342233097 -0.795796037059 5.62940909221 6.58724265018 
3.03572414029 3.30680305371 5.48378272899 4.86190830236 6.59748814013 
0.880328637131 0.0599341138619 1.14596398657 1.13840739832 0.432462153212 
0.298618348205 1.305802866 0.744436455605 1.2460741422 1.12960640789 
3.36422906462 2.6056458972 3.09407004069 2.46783858934 -0.973088000607 
0.413992218267 0.186515595343 0.0711413573639 0.537952787401 0.673051425278 
6.0829134414 4.55586143857 1.9583730864 3.41636642094 7.10048525568 
1.55389997277 0.777819139859 1.00760010381 0.0782115365073 1.38176385348 
1.06425697733 5.00348616875 4.29694218238 4.79850012652 4.65338475364 
1.22772450385 1.87276949679 1.60370446959 1.20003911685 2.13380812832 
5.612994384 4.04901602693 0.799123452388 5.70693371552 3.98624692189 
2.54412299135 3.76158078625 2.55718273332 3.8391363525 2.84560634037 
-0.29185507038 5.2147231746 7.78072920187 2.79305059684 3.33442812517 
3.74600700033 4.19343898236 6.17666326509 5.17002322684 1.80731595507 
4.31563358287 -0.0530581745869 2.94427016937 3.7722705777 3.36931234904 
0.890440490594 3.53472610533 1.85656809747 2.75838249375 1.14960904704 
-1.5167949914 0.0557236550431 4.32510811171 5.92160936703 1.31428944246 
0.65463076169 0.37747207188 3.34721377479 1.05957881068 2.95885830399 
1.28975984028 1.47267741148 1.51704838148 1.710694522 1.09000035121 
3.91231669496 6.0121084765 1.68493112746 -2.14706455422 1.37158604597 
1.62167678218 2.05449664715 1.62050225745 1.77080645268 1.5420591086 
3.37959533557 1.87912798676 3.56111398037 5.46273878793 4.09400629322 
0.126250259823 2.47136607863 3.901756673 3.35607919176 6.48974620526 
3.21290348999 7.44693808887 4.41281141443 5.28125671788 5.64613365278 
1.40671862617 0.204726707851 0.508475340024 1.09042595325 1.05401730668 
0.960822362446 -0.101993230816 3.27770341912 2.46256091757 1.48572296231 
4.36305635081 4.97081630243 3.3147210758 -0.650081072934 7.76174019225 
5.03597997259 2.17787650196 0.74758050572 2.46268665477 3.48695209681 
4.44287886529 4.15778772011 2.71056354522 3.17323063178 2.72176856083 
4.63569409255 -0.625149530174 1.56568548532 0.828430401334 2.40194822068 
-0.815492715374 2.64459078859 2.57877527049 3.03848270972 2.62756842094 
3.4599250242 4.10804885931 4.00800485149 2.88963851611 3.46916814225 
4.94135372202 3.39099432196 5.89963381859 7.3460187276 7.90440858903 
3.6730931844 2.82898941916 3.71282106543 4.62341746917 5.79049197741 
5.37403050875 5.77883261443 7.0311267764 2.90814852003 8.1165438341 
3.2132137261 3.97282686242 3.72063134793 4.42703220939 4.53510309283 
3.61316524459 2.80192931161 3.0824446195 3.58121913689 4.06186628907 
-0.577880683656 2.92220048447 -0.695481952815 -0.266236208469 2.8238227658 
3.20535579274 3.91471057755 4.27529024732 3.90864165825 3.4064674048 
-1.04017704208 3.4832849376 3.15666955545 2.6687787533 1.14274067863 
0.824561530264 3.53767548657 3.15849692888 2.87112260632 0.146970081289 
5.15503411819 5.18113169997 5.14995377572 6.8857613598 1.9122721197 
0.889973608154 1.33953093241 1.57624868721 1.64635388616 1.34388765097 
3.05670104314 2.18705617731 -0.334073670712 2.77537094611 2.79996516341 
2.05931160237 3.86747248667 3.37090613751 5.50634112125 2.67390847871 
3.05950362149 6.83354005176 5.96178432186 2.31462647426 3.18420801482 
4.36393156346 2.59935531433 6.39946463775 2.26621280592 4.77328575143 
3.20435382935 3.76111287179 2.20828121154 -1.15297502404 2.20861204449 
3.46444843529 2.95301582455 4.80595610331 2.40712414035 3.85590378149 
3.53940155566 2.74614306474 2.59886538877 -0.510458447256 6.66374782319 
3.06627501894 4.85361283992 4.74989901325 -6.12878544118 1.62976627877 
1.2431245888 2.08975251183 0.567822825215 1.65113212832 1.76567857037 
0.112599728993 2.66666753686 3.22725211019 4.1325219514 3.17043285697 
-0.103851904114 -0.0498965007441 0.458204324694 -0.197862043088 0.323252717725 
0.541761969456 -0.182065253568 2.15951408023 5.17598557819 3.88128510264 
1.46989323284 1.23679850115 1.31045863562 1.64765370378 1.02510662405 
0.791763614649 0.915742749851 0.726907392181 1.57762066036 0.231479662267 
1.30579476694 1.00497778161 0.761153963168 0.139197973751 0.352771313264 
1.10054677083 4.98725170465 3.83936490668 6.52710450502 1.9872411604 
4.40054037727 4.81326917813 5.58803478199 5.61666377137 4.14251576889 
1.39768807407 1.68307863681 1.77021824377 1.01398129654 0.975876821178 
2.42921926757 3.81201754216 4.2234417069 2.54728068115 1.23173325918 
2.28849861865 1.38740649553 1.05313662041 1.47108570994 0.819755190323 
6.60218664075 4.28200281753 1.41858441305 4.75169637816 2.42042145695 
0.285996443485 5.01060583878 2.6375633199 1.5492747808 4.42201367439 
7.98678079027 -0.911670966521 5.00032673807 -1.51703091066 4.95127509124 
0.974670544603 0.652096702391 1.32535416709 2.12400235512 0.751363590768 
1.03259721839 1.43424238828 0.974806049517 0.177591338699 1.07116235302 
0.65476663492 0.201209857255 0.568566516111 0.610847734694 0.190457270413 
5.42799459858 5.42167747928 4.63774383043 3.73008458339 3.57368470425 
1.97414471707 5.14085904741 3.0724138567 3.67597074239 6.26302868088 
5.70578579109 5.25144957727 -1.27428316893 4.4964571843 6.17631132912 
0.421148225995 0.575831158902 0.825253808418 0.614481436452 0.217827230329 
-0.0371893100621 3.74853876646 2.60509889726 3.79261284283 4.93497071735 
1.38422138241 0.815473838881 1.77118057949 1.74851743683 3.01672294253 
1.50592546137 1.58296843717 1.68729928548 1.69953216887 -0.619260887734 
5.70248767519 3.12737311242 6.37202720506 4.4069429954 2.2043953795 
0.332807935249 1.04679078561 1.80624279731 1.81266918594 -0.0476690169876 
6.37808535312 2.8364165023 2.02210277714 5.12473180305 4.37097409037 
5.27170658279 1.45769953278 4.59564382692 6.14937994703 3.04827961834 
7.86193705968 3.28885352266 4.53967809325 5.29824435977 5.4283447459 
1.0773217585 0.728508664522 1.06929778897 0.710253989806 1.37319130612 
-0.117626378865 0.348456147678 1.56539883437 1.28949131315 0.512610527012 
2.14055807949 2.55057451722 1.67422067326 1.73171265463 1.6026474023 
0.753303169875 -0.690205327801 0.436189921024 3.01013313878 5.27089803396 
5.22171604135 5.75522718775 3.66739207335 4.66171069469 2.33288479872 
5.04304309493 0.526287094593 3.87778071141 2.42243274106 2.60255431391 
-0.676132211375 1.19059903871 3.46637074435 4.83459511613 6.29360667669 
5.57226541319 4.49686893972 2.46663452189 3.76390780223 0.262450720119 
3.04924592257 -0.205389355695 4.03091743194 2.00683936157 4.97935910777 
2.09526862848 0.0777396557192 1.3903845375 2.26200691596 1.00003644575 
5.53176186791 4.38019512001 1.71431690962 5.12864451458 2.05069641849 
2.20613097647 0.770980834482 1.34395083194 6.13068891365 6.40320767158 
3.8781500045 4.3234631701 4.98591462157 4.69710091162 4.42831709718 
3.70028728861 4.49198612759 2.82941480672 0.393268462941 3.8272485832 
2.22879531569 0.40684086182 3.92762953444 4.0316848351 5.12636166006 
5.94017120415 5.24837788204 2.48340072923 7.54781881567 4.60439387594 
-0.627354815919 4.23674004168 5.17354925619 2.75694621243 5.92006268615 
2.22899312288 0.519401710376 3.29574576923 2.59461091235 3.04416333422 
1.08155191273 2.14582187419 0.683384825626 4.24062751324 3.31652663978 
5.53131317533 2.61135341166 2.76172134009 5.04858993835 3.20458950925 
1.07825496492 -0.683330991902 -0.172485415247 3.14588278726 2.13847992188 
6.34539199715 5.75823644164 5.32531119299 1.03740987505 3.03667725456 
1.1962034362 3.94783869101 2.17541488413 3.6260602614 3.21144778194 
3.47262424252 1.87227985249 1.80463181967 2.55002410894 2.25347146045 
1.16623406848 2.07825679301 2.04473349205 0.724833760821 1.68117480077 
8.41884081549 2.00571865199 3.89373385988 2.26694311768 6.07493453455 
0.78269517761 2.62951670007 0.935125627899 2.14854513767 4.80293736689 
4.30629916489 -0.594344905176 5.05537387767 3.06931659781 3.84120105961 
0.735052388868 3.17659160291 2.3366936955 2.06108216984 -0.277104810042 
3.44752672096 4.46853075506 3.57872604247 4.17093058301 4.25927532101 
3.98244462886 -2.05276210284 2.49259007001 1.83510911239 3.78305859186 
1.68529789813 0.25000680003 -1.67488632605 5.17048072524 1.34714545407 
0.385309143423 0.163277422968 -0.0441571735023 0.539855436388 -0.0155175419153 
3.34356954422 1.72175718687 3.63755486274 -1.67953807139 -0.533521265595 
4.79710011609 2.04872118841 0.100066382362 1.26431360827 -0.396642472294 
4.24452569581 3.7938412901 4.58485281638 -0.694598306675 7.15796242783 
2.23618297197 1.81366246507 1.93351837355 1.22873132655 2.43178439484 
7.67237307145 4.90765810042 3.07671918243 4.21348978518 6.11130257449 
5.45556963033 3.33842751514 -2.500257895 8.19063137024 4.38213547096 
6.97508503346 7.5079195634 5.96719440043 2.8916989789 5.14273022097 
4.30247980389 6.40622547261 -0.443611493526 3.75118555411 3.26933538823 
3.70690857699 2.50751570239 2.36235289037 4.36212718991 5.40878638205 
4.21216276487 5.7816010723 4.75803364155 6.85900880793 5.79181707141 
0.698642383589 5.77413271942 4.03847086083 7.04322296252 7.05380893713 
0.298150232928 0.297253127779 0.738738083583 0.181930466554 0.562485633818 
2.11359310058 2.06611439989 2.65332732363 2.01446439756 2.84165867917 
2.88068590145 2.36544993216 4.62934458173 4.29873429755 -0.0652681174209 
2.87635585635 1.81683268321 1.57523564465 1.13529729754 2.30902275153 
7.231218769 6.82626063765 4.92547072454 2.17803705949 8.09475034077 
1.09619111193 1.53389357028 2.1588856526 0.39557687773 1.37826562259 
3.66897632263 5.59938700238 3.27184546705 4.95852166903 6.63810382604 
4.05100393385 2.00733230862 4.99778194323 -0.178300177128 -1.39299759482 
0.231300121581 2.42652368295 5.29307416358 3.36521101984 0.595345264336 
3.03711205044 0.366900972342 4.41624225457 3.42632547527 4.13688829548 
1.93031816019 2.65199789102 1.12231043102 2.59572032551 1.44200428322 
1.97211504615 1.62082074941 1.32763037756 1.61819318544 0.424377443085 
0.223917989623 4.09472818613 4.48384543315 4.60718011797 4.86131675353 
4.83286316898 6.14483027195 6.30080062934 4.25653812274 2.11741401302 
2.03235656988 2.0500084781 0.595633988244 2.43084292189 0.376566908494 
3.5364761023 2.83333134575 1.80066512868 1.22605130256 2.03232124752 
1.22619470184 4.76673119798 3.9380404853 2.97115125118 2.350813334 
3.9502629267 1.61682769817 3.20470772282 3.2555853438 3.19524417745 
7.21240436616 5.12327495568 5.90318036863 7.23124006779 6.54288534868 
0.111746081777 0.761710063074 0.414805623123 0.243549915083 -0.0809184553283 
-0.107287075855 1.31337827313 0.404823737042 1.33579738436 1.61880463378 
7.08788215572 6.17255103792 6.10070801913 4.83999900733 2.26065276149 
0.622068440997 1.87372280284 3.90039960732 4.50352113959 2.49556260851 
1.06426415162 2.70827073219 0.544559236172 4.98749035326 2.24110050251 
5.72959836254 6.66647647167 5.83353815116 -2.36976625792 1.8837331932 
6.27577036164 2.43279582652 3.88391601602 6.40029812291 3.53675061848 
-0.935163043849 2.93812953038 3.37854375608 4.96094277353 5.12766463757 
3.36973607691 7.240037501 3.60111589522 6.01441477875 4.70775794941 
1.47558370888 0.777604828422 1.53901926557 1.03648403611 0.52753078967 
3.0358224468 -0.330269393825 1.64483198479 1.58760861333 4.11839744242 
2.83292471958 8.35875120118 2.22280321983 3.88395558029 5.36510574467 
2.64914246121 2.20653943935 2.05203443935 1.68668782347 2.50809162152 
1.04821780436 0.74496684894 1.57672991971 2.11575202841 0.452764202684 
2.00640515901 1.77565330065 1.56652752702 1.173329453 1.40370125325 
1.50982437759 4.08265873683 4.48219548023 5.84712493893 5.65620794691 
4.84545010108 6.59509551307 3.57693085046 6.72146082997 5.29862891856 
1.55341868327 2.88804482491 0.970150064215 2.26323571218 2.2575157529 
2.98873302967 4.59391669711 -0.175744733573 5.13202138382 2.07998855591 
1.82331694496 1.22780257321 0.455752316813 1.28553270206 1.81098583687 
-0.935744438968 3.78222361528 5.67638700948 4.35580215526 5.31054722335 
8.14077559609 5.71775956713 3.2035995437 -4.11030531247 4.91498567929 
0.122895558036 1.53589595282 3.12288368044 3.36286630484 5.0135715447 
0.371921061181 3.36419053137 1.64588467415 1.9961063147 3.02123967545 
1.89497378653 1.57966003288 0.645213530129 1.86124600273 0.83748203134 
3.49981188627 3.37602521242 3.26087423792 1.82637101066 3.52252001535 
1.81729499767 -1.40047057059 2.32668842018 -1.83680793435 4.98287822008 
0.351547997248 -0.142489194952 0.0857797219472 0.831314867782 0.418552878946 
0.447773249926 0.557518268456 1.11320093434 1.97353237453 0.288299784566 
3.42664482524 0.99412703208 3.57116015499 4.14074002887 1.09559074295 
6.94853627667 7.1318802982 -0.0564955718795 7.19633012824 2.095231469 
5.49280422842 6.85395325801 5.32706234922 7.10697369052 1.71127102421 
2.97530296692 4.60479156579 3.73074546608 7.48915235688 5.71028701302 
1.85087002508 5.15272281241 3.02012120283 4.21237110665 1.83118439217 
2.80708838451 4.29737645113 1.61356305583 2.34481103531 -3.85013453666 
2.10738330332 2.43132680496 5.26513661327 1.51987489865 6.75784905146 
1.63260039836 5.41163095972 5.10623683081 4.1436780795 1.06321744978 
4.07589802538 1.9403539856 2.63175270768 2.53980437059 0.666336722446 
5.0506775966 3.63236016868 1.85668636914 1.11507666935 3.15473013197 
4.24207101617 3.44595898007 -0.445469003921 4.98712089018 5.44061179469 
1.00881988049 0.997799830325 1.00132515621 -0.609714752435 -0.0103598130455 
1.31127809322 5.95916592378 5.02895243799 3.18564604916 0.554305105054 
3.81343447044 3.57507106522 1.63602528514 1.03274939219 4.56601852374 
4.52745056853 3.80761760823 2.03100606292 -2.71590596954 4.56423164018 
-0.954696443674 1.63847889395 1.44581182819 1.15181685762 1.75846592313 
5.97278913498 6.28137189705 1.53138269111 4.25802596877 2.5405060369 
3.28062755214 4.01374142322 3.04970193651 1.61935167139 -0.44427424332 
2.49845301624 2.0342944801 4.21370593535 -1.62090216555 2.95647830718 
8.08586818787 3.27684989515 6.80054378488 4.91822610973 5.84577515317 
1.19516616774 2.47335534122 1.93377794367 4.67900327228 6.89379980836 
2.15188987709 4.54055126692 5.91478178733 6.44923462725 5.18232632359 
2.90691879868 1.38907506604 4.66962620535 3.07139032666 3.96054482147 
3.86819632243 4.49897077582 3.10956636586 8.83924620466 2.22231391851 
4.99697068123 3.531989637 3.99589018174 5.43567146366 8.00589191407 
3.30852346927 4.73318409721 4.33913691547 2.3432152637 7.26769027173 
1.44688195193 0.746594133835 3.52328375372 2.72548872021 1.66736630742 
2.30023798014 3.76207814491 4.25767517633 1.79772264411 0.416200707075 
5.00908101505 5.17000816264 4.04191112088 2.53756310282 2.44838418834 
1.12665871947 1.62519407891 2.48688328944 0.920527254322 1.606572051 
5.51324832891 7.76802893658 4.15484833936 5.17818311321 3.45120024003 
1.12737914179 1.36672714102 1.96115808508 0.584523640299 1.60182914038 
5.27838387288 7.47557686118 3.30420482881 5.6828742322 -2.5288232199 
1.32287703555 1.68144039862 4.63224335219 3.77348965433 2.53759203702 
-0.167155707098 5.48753022175 4.68365347101 5.35814669886 6.25387227746 
0.044181168693 2.51115525127 1.06775149845 0.986630651401 3.38412600127 
7.07009658235 0.163705526992 2.68936386619 3.87653404308 6.10499287758 
2.62571895772 3.46906716759 0.247473099832 1.25354555203 3.7292570036 
6.40716495853 4.05254039303 5.18478561251 7.8405957613 3.27458008531 
5.6367093859 8.22059904403 3.68264416689 5.41478832973 -0.0649391040974 
5.3681666584 6.18904142816 4.10476168165 6.22398601022 3.65530539159 
4.12015154995 5.15352390657 5.23367661506 4.1589938582 5.99925828643 
3.10900271383 1.44821859423 3.78240670267 1.31097597566 3.37239468819 
1.43627918199 0.849639515422 3.84727159143 1.61905470908 2.18554915112 
3.89247414362 4.73516323387 2.347026016 2.32172976782 4.98217680032 
4.04512599183 3.54669327915 2.03290266422 2.58950425815 4.39297649734 
0.302759422633 4.71798511199 1.08805527321 0.807571164232 5.22206551342 
5.67270984029 4.89171225483 4.12732672319 5.25525928937 7.33608719373 
3.6634998139 6.86468178701 5.1972912042 6.47343033133 6.15225925887 
3.26696317065 3.31258719037 3.56062021562 2.69066723545 2.65950031754 
4.10848368317 7.03323851733 2.21987725352 5.27977096253 4.66741254458 
6.96776300705 8.56542786742 7.1097545712 4.31265203558 3.51076774937 
1.19405429476 1.22431306603 1.20355293728 0.662583661979 0.921305350753 
-0.126287196981 0.511090959209 0.49006809891 0.293669024128 0.466288033661 
-0.953192416622 -3.19215697048 0.934683864221 3.59226147592 -1.40802160347 
1.99711075351 0.72964722621 2.89368686583 1.78210200563 1.87389559121 
5.21324143066 5.83176928046 0.00330262515523 6.64330971033 2.15511956917 
3.85902747895 3.95976728317 3.71698441531 1.07384928826 2.52104310327 
4.64537220669 2.66789455659 2.61157263302 3.48721567505 4.91052092693 
6.65942634431 4.22499261525 2.98833219926 5.37474186912 6.78129623861 
1.43940013019 0.839797477084 1.18849064305 0.997530028459 1.2347052138 
5.88560154481 4.64722170574 5.83451261432 8.18268344025 4.68695870215 
2.83537032084 2.6258116401 1.67318916551 2.63010417759 1.62374016683 
-2.93472609675 3.3306086399 3.80851023375 -1.53657673446 3.90883826851 
1.54784132627 0.69774416977 1.80889525092 1.25550072059 0.440491548392 
-0.0808977482667 2.44896743907 3.0356210552 5.58714652844 3.42290357928 
4.55139604338 5.20896523334 3.30300178519 4.03610011003 7.09327038105 
1.11698864241 1.16585599745 1.57513425993 2.26170872132 1.77836477266 
5.23040347358 7.41943537178 6.71670050092 6.18674315966 0.234718638805 
1.30129347733 1.74512958069 0.868880857924 2.07793992202 2.30200376788 
6.26643067189 3.92904379991 0.448126676149 0.489086861755 2.83272998315 
3.17791787903 1.01843250138 1.93868161386 2.28026002895 3.0477697585 
1.62856136383 1.6127618864 -0.0798192114219 2.24854404934 2.67125546799 
0.965242027867 2.47728567139 2.01758113704 0.471229397871 -0.460677135663 
3.93417297766 5.93143116697 3.9859281336 3.63455158377 1.01569426857 
0.452647635996 0.858927346298 0.437403912769 0.789254514969 1.17255843615 
3.06738459344 5.21717235625 4.59939694065 6.29784459588 5.2772933671 
5.48456081827 4.50951524775 5.87138007656 5.76359648112 1.75363393665 
-3.30070019925 -0.354618965414 0.498346959605 4.33644105132 3.25964406654 
5.96009869268 6.34815246563 4.66684992378 5.01152297366 5.60785777273 
7.18721386624 7.88721668457 5.46537905374 1.29068945558 4.87422657503 
3.64608651139 4.3566510169 1.64932942592 -1.02388996757 3.51004395179 
4.19836757458 5.69775589933 2.22420928686 1.19304210967 4.8137066698 
1.86227061441 1.67834230343 2.49139141005 1.16808183195 3.6287189086 
4.56253188331 5.6701217511 2.95871222824 3.39743917005 0.306979431111 
1.30735346409 1.09968295092 4.35399582886 3.10174478549 0.157462485004 
5.59382564564 4.65164086012 4.21658610573 2.83463311463 1.52139710981 
1.67105643562 4.01270726208 4.18729469069 0.0260909791068 -0.0205711692359 
-1.05480101682 4.29406646753 1.65634705392 4.07704509228 -0.876206018719 
2.99491396068 5.157005329 4.06466329117 2.68162982841 4.28451998294 
1.46508066695 1.02129959508 1.73458239421 0.8399247917 1.61801060601 
3.66513532048 3.41739003495 5.00787716253 3.47224197521 4.7877551995 
2.24274465159 0.988949883398 0.640875481628 2.70426777346 0.155158656774 
2.15646617808 1.7876084741 1.73339791477 1.53549172335 1.64655467578 
6.54064609561 3.71140996317 8.00832987651 7.60944782136 1.68516626421 
0.528289091051 2.79159554003 3.22367540022 5.27647258672 -0.121567337804 
6.12554462643 0.00666963902576 1.69915055587 1.38541720071 6.1224667936 
1.95288867458 1.09100097553 1.90494862346 2.14544615967 0.171130869823 
1.45511641583 2.00699827402 3.33005577557 0.872609337806 0.675281340309 
5.11873032069 3.40459033318 5.76660166586 5.53161601996 5.07485325358 
0.577635075436 0.513147051316 0.42875696411 0.716249934285 -0.199544121575 
4.159299022 4.04945279079 4.80045905374 3.42555396942 5.40716918502 
3.09248041985 3.94180509954 1.98443493572 2.55054076411 3.0314067179 
0.0873842150421 1.17979387723 0.3854063264 -0.454818515212 0.426343172 
1.07399159572 3.4111098774 6.29019365889 4.97550192196 1.69942988494 
2.13473525684 0.306516556356 1.87836733862 2.17120863281 1.48565496029 
4.11643208479 4.14464994536 5.80015980806 4.37255638276 1.45564007366 
4.81933607104 -2.64565497506 6.98116384545 5.933767935 6.16425936041 
0.597734085369 3.20294338217 4.35224372678 2.62905509924 3.74312878206 
7.41871385865 3.35199944815 4.96796241531 4.51179536953 3.08467801158 
2.85884983944 0.685008027342 -0.65985573044 5.5873832804 3.6667603866 
0.877154295663 4.94310529956 7.77816013209 2.272234928 4.43657717582 
1.09555413841 3.22838211615 3.94924323776 2.04787221412 3.71141515488 
2.85182759463 1.45629458788 1.73303270086 3.11449905305 2.49093159572 
6.04639551334 -0.00993900238983 3.05287378311 5.43980768098 4.60090989773 
5.36687099753 2.00333570888 5.39440968802 2.23853323191 3.81454574364 
0.237621308672 1.07058849165 0.811819899505 0.488233242859 0.466844023424 
3.14939001593 1.9092388671 -0.0183062290024 1.5586635259 2.35144235798 
4.25771107559 2.06358011987 0.240090666253 -3.79570343677 0.671626942708 
1.24322682488 1.84127661048 1.14241990706 1.20159417265 -0.557004019874 
2.78031976737 6.99374494247 -2.3651669103 -0.450224448141 3.06105243115 
1.23000255639 1.24142730688 5.25307543134 5.65473132501 2.87414321088 
3.73274790741 1.55289987154 3.0502104686 3.41698995946 1.38731037869 
6.2980534405 6.08149742551 2.62493226154 5.68532420867 3.66407551421 
2.34135333526 0.719464882917 2.99862463468 1.86982211364 3.10586101792 
1.32439918746 2.88589512826 4.07626484151 4.1412228407 2.98112813382 
5.35664208107 5.72970847123 5.43502348613 2.18488356579 0.903894054824 
3.4482012888 2.28828709818 2.30750053676 3.52626152563 0.367974225833 
6.30346417365 4.30984248685 5.21970030749 5.74041625658 5.63269409069 
1.38569979683 1.48646386858 0.206832685147 1.55488006636 0.849985071181 
3.38360587904 4.69419939997 0.552714479807 4.74131501571 4.89795470935 
3.15427613829 3.38177195625 3.53068670104 3.27463357653 1.36019658281 
3.97733076254 2.67902442297 2.40444802193 -0.27304664305 4.52360905647 
1.39157383403 1.58162717351 2.51450137663 2.25191072202 2.60307020611 
2.67536964632 3.76800156869 8.31076477822 8.31076477822 1.43011086288 
7.25734810543 2.7638904733 7.3924823085 0.87065626422 4.94538418436 
5.3315643362 5.55287993426 6.05671946283 6.31719458625 2.9514674579 
3.85774020347 4.15660485044 4.65556865032 4.89328464694 2.55905840151 
2.27652333905 3.48987420951 -0.0367639450487 3.19887644316 4.31365418905 
0.457723190245 0.63745114665 1.01124457853 1.0597338871 2.82784436143 
1.76289969384 3.4744071968 3.66442432223 6.40156076551 2.20333574167 
6.74660311267 5.98992934117 4.10140475323 2.5743118621 4.01231998978 
7.7294573033 4.9341198537 7.53147948966 3.30950585261 5.85068823408 
0.533858280929 1.20031072663 1.62488107662 0.136159866451 1.14679910323 
1.17940446585 0.626005527857 1.51524751897 0.39709521775 1.2455072921 
5.72666843566 7.8812129086 7.56347767659 8.18962548347 7.39141814659 
4.54392459208 4.41350543001 2.6104632072 5.8284436081 3.36601485627 
5.60365771713 3.88561625234 7.80966650739 5.58007595462 -4.36951343354 
5.74373546735 6.26180494621 3.97049376367 3.58939297076 6.02361836325 
4.89072959033 6.35369949825 5.49168300365 5.77562830183 0.0504447950717 
3.09533194003 3.03178020228 2.00247329542 2.64538608198 3.03749831357 
0.780583715319 0.560568835441 0.437046830683 0.403158186878 0.607016840152 
6.52379864327 6.4948205101 4.57452540758 6.18236675215 -0.734387452725 
1.09762904413 6.86663905692 4.32618955552 4.52167992858 3.75413913281 
4.98127507419 -0.408005268488 2.02698753459 3.64955688063 3.97955504392 
1.83241213626 1.49644593106 0.931306727085 0.110196847137 1.84796175386 
3.52966206902 6.12056419183 4.12881203892 6.46816148141 5.83303189153 
4.35244704535 0.798418246545 4.57211388935 5.59410309643 5.86292300792 
1.52391112423 1.4251650992 3.06715777391 1.38838912834 3.51294961527 
4.00418420414 2.05385346789 0.595390457515 3.82087102861 1.34706913104 
0.690331051957 2.20510720085 4.51602895071 1.675420554 2.35993266882 
0.731281419179 4.27862576348 7.08402484168 7.60555067978 6.47964946517 
0.411663491206 1.64331884161 1.47848000043 0.0511275236496 2.04626981229 
6.02621406384 5.66594280532 4.90279132466 5.28879710859 2.39869864149 
8.36448813945 8.16309821222 0.61238550886 8.25072354583 7.71651467627 
4.85028908378 6.5349601157 6.2090629128 6.31024138136 4.06968676508 
0.53123575179 0.388106739226 0.562574255476 -0.374858448413 0.496996864517 
5.70687232502 4.96371468646 2.67201100108 1.18439145818 -0.535608836179 
-1.76276770376 1.28697616908 1.0646163142 3.15624479358 2.38861788016 
2.61775686165 3.12735393299 2.61647594331 0.580579847905 0.080917646466 
3.57875105856 3.29602813564 3.56387613308 3.91566640673 2.46257896421 
4.16338198598 2.54067311006 1.52280220166 3.78180302885 2.7277774858 
5.47950465663 3.07576511363 4.84482222 5.07785601589 2.44042920965 
5.34011076938 0.771030823239 6.69887182412 1.85411768748 1.5239295706 
3.91374536092 5.88362396868 4.18899805262 1.77400219604 -3.31552409485 
3.56619309201 0.827441604168 5.19467969008 6.17592604892 6.07626309408 
4.32030859241 2.894822535 1.67361445031 1.93861953876 2.14720746656 
0.511417989849 0.487708222992 0.488521388819 0.423737007586 -0.196600792525 
1.06965740829 1.6129030786 2.22476322455 2.27299568551 1.7995954676 
0.899864787358 4.50074207454 1.61047744818 3.30109130952 1.68214772361 
2.61342832756 0.58051434269 1.13016215055 3.57429056986 3.42558783742 
1.22053876531 -0.424669848316 1.11592124664 0.457084139944 0.0483570113755 
0.492405237188 -0.174731363448 0.103414702036 -0.17858415207 -0.190888297811 
6.64350282777 4.05188414306 -2.19248228274 4.91747624364 5.956515574 
6.43307801397 8.53206272364 6.8413582436 5.81063192624 6.23644920633 
1.9539807952 0.793723826576 1.37537816258 0.229217860163 -0.85362428533 
4.61333002015 3.82330606825 4.62813282642 6.97969768063 3.28055326415 
0.0965169201702 2.58431665094 5.03392762546 5.64800974194 4.36406295352 
6.12942172167 -1.87081401565 6.34949538381 6.0827084467 7.44823585248 
4.0030180805 4.79283597862 3.83978346382 2.21588003358 3.74826401899 
8.48838044736 0.408370968744 3.73539749904 1.51707641321 5.17147559629 
3.45969848907 3.93226944765 2.77368702667 5.11620739011 4.23358333823 
3.90551092021 5.19641163223 4.32858174159 4.96791807202 3.04058314375 
2.54184657225 -1.53058031048 4.10812708356 1.29372008393 3.09736731044 
0.116728873628 3.27708747753 1.89998960708 2.67764627232 3.60812201476 
0.0918450869131 4.64705338344 2.65063013332 -3.02894971262 -0.525825986234 
4.35802165899 2.70531805344 2.04552269336 -2.13588111909 4.05852267478 
1.42176919255 1.72928296502 2.52701009703 1.67708781894 2.5045150766 
4.822274203 -1.02550807233 2.95368243339 1.49494897415 4.33538235356 
7.08753013617 5.54167506802 5.24830809385 6.64360110064 2.51734392936 
2.55054138362 0.163485692411 2.51585250919 2.08209064079 1.80372494628 
1.07494716732 5.71736480734 7.8529534439 4.85570942282 7.21941189458 
2.00448004832 1.62082606194 1.88879665847 1.53231574573 2.36469630042 
3.8947844716 3.16489312435 5.09085820554 0.641649045956 1.1658791838 
1.19027678037 4.9694604944 1.41999023809 2.62967421202 -3.66426694507 
0.694768526225 1.20314679295 1.26732525648 0.178323146127 1.35189311472 
3.88951275562 1.78943816341 -1.45215555404 4.56285412952 -0.0393914773375 
1.5024984836 2.66254744002 1.64394441838 0.684418255473 2.31075462109 
1.16368183867 1.7337738811 0.436350703904 0.0174856772946 1.40649870539 
-0.328213270378 4.5830344757 3.10754168894 1.31755367388 0.429161568269 
3.23823825974 1.9830175072 3.28830249525 4.48034621807 4.656186742 
-0.205196428966 2.61009682358 0.433157263379 2.73609431513 0.584016618722 
5.23437624096 6.48291816593 5.54067534153 4.05331825666 6.41888606236 
3.81479770879 6.06424778769 5.43655587324 6.38825836236 4.23549712907 
2.82641246824 -0.768336138368 -4.57386458213 4.95092167321 6.34346190517 
0.585869786699 0.41619561548 0.53187780561 0.480687669425 0.388365339479 
2.63848439998 0.449439870791 2.32559927239 -0.385640662727 1.95729191239 
1.62130275546 6.41025023919 4.10628322213 1.45793019215 1.79054138291 
5.36750325087 -0.226588737436 2.5415343029 2.81739592647 4.49821582541 
4.25562611604 4.28167461018 3.17881691623 4.63569067243 2.16174271525 
1.40682329057 0.951728566263 0.567148064593 0.407822627458 1.71803322189 
0.776085926055 -0.00314772976413 1.40907293807 0.716810032508 2.13944580141 
5.35151192068 0.231436514673 3.64434552388 0.822560926217 5.25891421996 
7.25040209506 6.79477158169 5.26741857137 4.99122522626 5.10066341107 
