4.491866375 1.08998054173 2.65292187996 5.55153802339 6.67294875929 
-2.44739516277 5.55130722622 3.89814900777 -0.0251237606272 3.78197387543 
3.1820770842 3.51130465107 1.60888095964 3.57651342447 5.35009194231 
0.84483192278 1.03534258341 1.945957909 1.4864456641 1.84055111401 
3.00250853801 1.32251938412 4.2133252402 3.15735020761 2.96274206273 
4.25932755643 7.53055935055 2.5689080725 5.52435946568 6.21789253623 
1.97533501469 1.58260221448 2.44890590626 0.882258689401 2.27022623882 
1.66745957352 2.48357502805 7.46951433815 6.68029901201 4.52852465941 
3.14098208836 2.33924118709 5.24894426488 2.72110320247 4.24175090707 
3.11017283643 2.84139905513 -0.212053465013 2.48476361691 7.5039520294 
2.22550901916 3.65768320391 4.39943213371 7.48835759187 4.44605929027 
0.640039552874 1.58326553594 0.972595970786 0.90301282138 1.01286300629 
1.75339483658 3.78764726918 3.33304032787 4.03955920254 4.31843335986 
3.77933331754 3.3355394268 5.40367079751 -2.00278725354 0.11748174515 
-0.0414492926671 2.54158750989 1.99658765192 2.00561715931 -1.09571050721 
3.6403122176 3.02575877336 3.27342547012 2.74872886393 -1.38876114672 
7.77879139197 5.6318130242 7.69987696724 7.60898469056 5.70439928433 
2.20779617676 2.91345135923 5.06098342391 6.38224143437 0.798609353203 
-1.82189259742 1.9762459703 3.41545259785 2.07204236551 1.99055873763 
2.96494468374 3.70119261131 -0.150117307194 4.15406286738 5.71426554085 
-1.25422571004 4.58018307007 4.5171148427 2.1837757498 2.12977432609 
3.10827397561 3.13179747454 2.5805229524 2.99465869785 2.11321278433 
1.86003984928 0.0142803856829 1.73989763963 -0.333839329077 1.05893799034 
2.26846435953 2.2217879628 2.09383588662 0.452636374057 2.72511293433 
1.82552048592 0.477624156725 0.194778363011 1.98301765044 0.962066262256 
-2.1033501045 -0.306857346836 2.2558025531 0.691815794393 1.87843119517 
5.53496543175 1.04390996437 3.78659780314 2.5321072091 6.74346492043 
1.71236267301 4.83551214224 4.43061187155 4.24591644927 2.29693721758 
3.39501693075 2.05726268451 2.24946645448 6.69621656584 4.43998184761 
2.22440929532 4.82365969887 4.20442429607 5.15825936851 6.53555710611 
3.90301343062 4.5634392954 5.9373878457 5.28725268208 6.09489298644 
2.93997816281 0.150704713517 5.78085542186 5.29121614299 1.10039523789 
1.2223572818 3.28085072357 0.500343336875 2.21953810146 -0.195790299536 
1.00703403042 1.6683909116 0.16720744242 1.12442435332 2.29729698297 
0.899235805983 4.46115060795 -3.8756179137 4.07254877429 4.13472342274 
0.472617736333 -0.0649333488359 0.356440802424 1.02093176022 1.11715031954 
1.19809933609 4.59917903116 4.98211069431 1.96220371967 2.63376723606 
1.72119369184 0.91220013309 4.51147810799 3.85325250793 3.38040971628 
0.948227656643 1.52031097407 1.50974968018 1.92391431318 0.884763002748 
1.52041106869 -0.14376795624 2.5773347208 1.56929421223 3.9564057109 
2.08242513892 3.06508092085 1.27903182885 -0.208668463144 1.92962824856 
1.51964165333 2.68950714469 4.33749155563 6.36924625678 0.614212154778 
0.956744745632 2.96583084246 0.923599617039 5.03713849713 5.81927237279 
5.14606748806 3.91913765043 -0.740255386857 5.58327701266 -1.0140411688 
7.40088523804 7.14070471016 7.36416791952 6.47757778348 2.57075587596 
4.47733637377 5.95224725757 1.40552369105 -1.45677186277 1.69986556962 
4.36351304842 -0.732351549432 1.67171351398 7.77526899816 6.42039088659 
5.80311966462 1.51203149599 5.10170050014 0.980213847461 6.68730670712 
1.35894068347 2.05739450462 2.7481549624 -0.812923238956 1.22658297164 
0.847585014006 1.26696485515 1.31396016959 1.50851443727 0.89987083366 
2.24062893968 5.40196313421 4.12169692176 5.82475521856 4.01191980439 
5.3810451775 4.5186662221 1.87746537533 2.34889972236 4.93215124995 
3.65715832466 6.68869177949 6.10948093491 4.66246362765 4.62588805006 
0.981491995117 1.14618724701 1.23789804198 0.858514623129 3.2068956641 
1.9428584399 1.04650888436 0.0279567692574 -0.993353727998 -0.196200579726 
0.23951913727 2.26363419548 0.72567291674 0.906781476024 2.93507159669 
1.46490368707 3.67035333439 2.98038925189 3.59886091 2.51735543617 
2.90159223604 1.81939588536 4.04980538482 2.5848229408 3.61807619024 
6.71962109215 -0.426350705192 2.6675619202 7.66566563179 6.48614926705 
2.48495448273 2.5136377739 0.706628030649 1.57090852969 2.49051021193 
1.57450155466 1.30204020478 0.483940768609 -0.212122469986 1.38064011692 
5.83703384072 5.62386067046 0.416120449851 6.68484540392 7.50374560391 
0.621798921147 1.23418293594 1.28807147566 0.595484615419 0.174099505549 
1.43786605128 1.79325766654 2.65464045262 1.21350308868 1.29584984616 
1.57476930454 4.47697883384 7.20019376723 8.12176246907 4.44902831943 
1.65225306259 2.44827448122 2.06580513179 0.758731713206 1.94441323204 
5.63726545853 3.12957996011 3.93321242678 -3.50169446353 6.31933170308 
0.921196860416 0.968388855326 1.17534904232 0.733212528099 0.501876906597 
-0.54126595088 2.88172856192 5.02766692603 0.969569174375 3.53818245448 
3.25252432441 3.33158253889 3.07355597392 3.93373029191 2.76596074948 
0.945162252621 0.931242086902 -0.20970056898 0.662063056754 0.474562079876 
0.173436109975 0.134829857602 1.05926313304 0.583227926232 0.829959414383 
1.71522962596 2.78224488313 3.12320057834 4.84921290565 2.22365913089 
0.72181848692 2.32499306193 2.60443183584 2.74929587451 2.17942973941 
4.83577746834 0.0165446134561 4.88688621893 5.19482324453 3.48201900417 
5.41318117475 3.1415620863 3.56756048267 -2.0868969335 5.83319162268 
4.66455211442 4.94055859922 6.97229391257 4.43189145288 4.97100425298 
6.44132123212 4.42605830865 4.51519596895 5.61879266675 4.65165693778 
2.48175298055 3.50059161156 3.68373767581 1.76181656753 4.30627216858 
2.18739884027 3.27524997872 0.493139806947 1.11450598798 1.50195536249 
1.73627759308 1.86546758164 1.54492132423 2.17411418909 0.381198965563 
5.03376031393 5.8002334245 5.19803807425 3.80934006463 6.0820990675 
1.60427810301 5.31616168227 1.32172506311 7.70344829567 7.05094615892 
1.64768776803 2.78476839162 3.31181872183 3.66286501178 2.56378850011 
2.42352581418 0.889942373395 2.38489381311 1.36036794629 3.20045181609 
2.67788666152 3.84494283403 1.11505579364 3.62936304395 2.52749407874 
1.23362452749 1.68713805811 2.50238975396 1.05102976576 2.0133020678 
0.116470125945 1.14575727862 0.287957916934 1.97194854166 1.47139813752 
1.83961633315 1.02902262845 0.162319996913 1.39444165387 1.48213161863 
3.35899403211 2.12229476922 1.26836132294 2.09004193299 2.00445394609 
4.83857859693 2.85534230995 2.92226690677 1.94439062967 -3.8440588787 
4.37820961836 1.62478140292 3.56045954235 2.58451223192 2.85928099104 
5.94020577975 0.863676294048 6.06524705827 4.92479413802 1.07584521534 
-0.726397915782 1.5938105353 2.18509369515 0.424038235084 2.13286018127 
6.54791979715 0.538662348859 -1.18891007782 -2.43541900916 4.12784830344 
4.14473064092 7.35194885007 2.022681692 5.41390980867 -2.47531391051 
1.93250586859 3.03579328838 4.69496997222 0.840501852645 2.81547829989 
4.5457780726 2.42507486754 6.23258625631 4.77658274175 4.96541425239 
3.52985987805 5.01888802099 4.48163776749 4.20349136524 3.20796781534 
0.433841005548 1.03161402293 0.417185841719 0.41889440138 1.25728038467 
0.0326060345998 4.92648053138 7.43639895248 5.22597275729 2.3537767899 
7.07068405064 -0.996710983739 4.58899631388 5.1050335764 5.68185545218 
4.70897685613 3.95595002897 -0.26587944704 2.45403862998 5.00378493515 
3.41066321687 4.6674805711 4.16886319511 0.717296923812 1.9914236436 
0.109006770923 -1.31452698818 2.09287477723 -0.485789233812 0.208784849727 
1.31090781979 2.48043094336 2.84837356636 1.74623636645 1.67199355359 
4.34557219102 3.19763609032 5.50062936995 5.52597146713 4.78748631561 
0.529777596819 2.58111734939 2.8051578384 2.0993508837 -0.249810533478 
1.68776790886 2.83199697425 2.76209131414 1.93881894261 2.39360230604 
2.83323804699 2.38337519958 3.08918943809 2.84358038109 3.21381107003 
-0.0472131897283 1.49885804482 0.656361816249 1.25759309969 1.23578240226 
-1.76032028271 1.00431157855 1.83935626967 6.26290905989 4.62830984301 
-0.289489335663 4.38937357823 3.40733152002 5.25274040419 5.41125641903 
2.17319325883 1.95684306413 3.0019036687 0.493645461182 -1.06818272261 
2.80763400362 3.33142563608 3.88119810076 2.89216904363 2.27883398746 
1.06015345806 2.6890802583 2.58298548299 2.27956341138 0.77132188219 
0.574578218687 1.16820662158 1.41434943633 0.86363836486 0.956321117517 
6.25691035768 1.08661719129 5.70757442085 6.73649782491 4.183805389 
1.47893470849 0.998528963258 0.762416620025 0.997232335069 1.13501534292 
2.22709691372 3.06022485272 2.07588545458 4.60201865664 0.281485457661 
7.67327773472 1.93906743788 2.42889237601 5.07558545851 4.91464304505 
2.42948685269 2.19243922051 0.286137365691 2.30870023867 -0.146324859175 
3.20468176938 4.79096940408 4.56747376989 4.1376723795 4.30531711001 
3.23686642593 2.0321972019 5.45939453163 3.2156181448 1.27294724539 
1.31921545185 1.46801768266 1.53893220098 0.862833080152 0.744713470591 
5.2595017958 6.79566058754 1.54837110919 3.16005446849 3.50266696205 
6.15070570093 2.72184435235 5.0544268414 4.43237133701 8.35697340856 
3.67417121489 5.49564045695 4.74813497173 5.73968043485 7.81427403304 
1.69451740306 2.39481317056 1.0204956456 2.39138486788 2.95288807384 
3.48346884222 3.0161026284 5.7154072543 0.638327604701 5.93844434135 
1.19611593576 5.77401446085 0.0569736820438 3.6832117843 3.49203526232 
4.75906344666 5.86088725223 6.71312082096 8.30798248622 4.4228901088 
2.11311888948 -0.617868511594 1.2892100344 2.25434629088 1.2765577554 
2.8452687152 6.52358293966 4.03611833755 2.54147422413 3.81928636175 
0.790709334747 1.24405253096 2.33679551907 2.36113421373 2.77006326256 
3.28625212493 5.69935901338 5.51934470543 -0.00396842311202 6.02134615594 
6.44146379955 0.627647416436 3.50093542835 7.20131747498 5.02585554914 
4.31565203395 3.48961084501 2.79209884971 2.28951009236 5.67225202168 
4.00348787749 1.22871755993 0.832591802042 4.83948643884 1.98786902837 
1.05484267897 4.75912751937 4.65568379278 5.4904720979 7.43264671963 
2.38197404858 -2.25668070191 6.02535800996 1.44200460926 5.70578525183 
4.57539821732 2.56476430867 3.17386705558 4.43365726876 2.89440804968 
6.90070746935 8.13335171761 2.8046282057 0.320393282793 5.80180888683 
5.22913908664 4.63090251433 5.14745533038 3.18371508165 2.07455198006 
4.09698309664 6.07728179367 -4.43984949796 -2.49264837218 4.9539121955 
4.13144622889 3.63303583954 4.05182035434 3.53773183654 2.15741674205 
0.838351041595 1.07360433836 1.25130059376 0.141600262353 0.919743922068 
1.29660271708 2.58901094393 0.760806794127 1.26475809265 -2.29808379256 
1.73416384746 7.41966710917 7.76192457307 7.21251503709 3.53494078003 
0.0562709411901 2.57345947469 0.958057323278 1.70497446062 2.13086714921 
6.56356140024 6.33038607794 6.19960638912 6.89334893684 5.32044176349 
5.34747204365 3.03765946514 2.83151144436 3.86952150856 3.21112960294 
1.88770294864 4.64876029942 2.55754273161 3.94458831151 4.0183701974 
1.98587421626 1.03442461358 2.20899747541 2.66053415824 0.738917255499 
0.72901831258 1.8348208348 1.49887174794 2.21417229395 2.25964378241 
5.09456618858 3.40622672651 5.29014192875 5.19787746052 5.03788767197 
2.07027999755 -1.61778090055 2.41260177667 2.65068711679 3.25976001403 
1.16004388389 6.0206609818 6.41004658224 5.62835714916 4.37454293044 
3.73712335193 -0.66962219757 1.82820240084 -1.14667656482 4.09452443576 
0.984524934004 0.635971916577 1.45802726609 1.46492934952 1.82670593343 
3.2473597064 3.08555247375 1.30175389696 0.810856046533 0.584976717029 
5.45464239211 2.01787961772 5.11620221788 4.60821218693 3.97082175321 
1.85569957616 1.29982420517 1.81309380257 1.70836502251 -0.0754386458528 
4.05981300733 4.44105542052 6.33060513183 5.69085366895 3.64048740361 
-0.809719435903 2.19609534197 -3.49364901154 4.48988205027 -3.08799674352 
5.16249769244 1.93733562831 1.53663890938 3.41752591979 -0.755203715086 
1.254734552 3.45002555537 -0.15339449487 2.60766979856 2.91160916467 
2.96215685017 3.16475110448 5.9143256266 7.0627103233 7.50095420743 
3.33377153507 1.7774841819 2.4035868764 2.95540746234 4.80210796263 
5.87524062194 2.219017693 5.19531439244 2.58893526097 0.281250997939 
3.59855787294 3.37542970807 6.17584358728 4.78546613119 2.39022899628 
5.27334951782 2.79224396853 4.28072564956 5.07825788969 3.19467904479 
7.14309175499 6.71765402841 5.75670386788 6.21204432478 5.61900335293 
2.8836682479 2.21098236113 2.97380959077 3.51442130232 2.18713134216 
2.32435666135 7.77922202373 2.8328933028 0.639646137017 -2.18465748518 
6.30617502506 5.57879800711 6.02971958063 6.68847475739 6.38157578471 
2.26219960909 1.10425836912 0.93301474211 2.23293579489 2.3510439349 
2.28134185369 2.5495058768 1.1696999569 2.55944201642 3.05345950497 
4.9960036733 5.95805965363 4.99718982879 5.930719948 1.27390190429 
1.44584290496 0.363257328649 0.952288942643 1.38932237617 1.96909726397 
4.90066761447 5.79379480603 6.79552503113 2.1928728181 5.54763980197 
2.16075501745 1.31174133548 1.90286226848 -0.31864151041 2.12451736018 
0.197754640927 4.92976081404 5.38662292513 5.16676599915 4.20190574991 
3.07298424098 3.91661228209 1.90520928596 -1.38066559441 3.56029431892 
1.47933389059 2.27959950847 1.56210833676 0.39057828311 3.04567276276 
-0.95114994726 3.02863661109 0.740821672995 6.01899290105 4.85271387595 
3.38495796752 2.31357074228 1.89965992487 3.43772460965 1.58123570124 
0.558832919797 0.0713819095828 0.515544721299 0.187258712719 0.73050849666 
0.544259384898 2.84951343043 2.40797230475 1.33724921494 4.78962614806 
1.97683417013 1.08287603885 1.175188781 1.61564630713 2.66777856437 
-1.13483443431 2.70792192358 3.84414242838 3.18697926369 2.91683971361 
3.35999474816 2.33342422385 2.79867427144 2.54074870203 2.67674075125 
3.92332132989 2.8716473476 4.8930888843 5.65221086585 0.977460891813 
3.93694129673 7.23952300315 4.35056851023 7.01042878079 5.85386784061 
0.915553014735 1.51200316635 0.565921835411 1.1646471072 1.1685901412 
4.27189549174 -0.0978005442147 3.23281698808 1.69298641179 3.88667326457 
0.453384155188 0.530991852411 1.60045203165 1.50654162448 1.82944051662 
1.98137576412 3.49707886886 1.54822074264 3.2378430447 2.93486817701 
1.64397661894 0.816786345569 0.250909279922 -0.0796894282744 1.56238861125 
4.39903530617 3.77376798025 4.77153497528 4.27307279241 5.34512715062 
3.79030937009 5.72893393018 4.81719187149 3.85691480942 1.85379299803 
0.523169668312 1.20147749209 1.84239736315 0.198016221418 1.93105933046 
6.52249181599 5.53808564954 0.740185175039 2.96555720284 3.9679690481 
4.67223091158 -1.75954011049 0.848664182963 5.18949046291 2.4476059564 
0.339730543654 1.88442356264 1.60444983705 1.63854521942 1.32962767052 
4.78632464004 6.2479127456 5.64707160694 3.61703190399 1.87478863642 
2.7339857583 5.15915462955 2.27821950942 -0.371451186585 5.80339093869 
5.89300792312 5.75196477992 7.31659152536 6.09868213305 6.59661887603 
2.75306053811 4.68956375018 6.80054216842 2.06126768906 2.32266011242 
1.62419756345 1.68257392963 1.77369163265 2.85956179316 0.389085172159 
4.08780746424 3.68701756733 2.24781345622 3.289373819 4.02627086449 
2.97711628297 0.606983272651 1.94353181591 3.21549593212 0.974218100083 
1.32775226204 -1.20761345296 0.227539551775 1.34051922492 3.62053591319 
2.62992041128 -1.19795380091 2.18906009008 3.17850935358 0.863838211759 
2.35591027848 3.38061559156 1.33439519898 3.24617373709 3.09958498361 
7.51736130843 4.45411848828 4.6083012967 6.78696367897 6.02002392404 
4.42821162097 5.17284997965 6.21811226738 4.88778457164 5.46510906184 
-1.07018099248 -0.231001215811 1.05780083008 1.11705730199 0.370781604072 
4.87502246279 6.17357812307 2.64492368972 3.70312980966 4.72194423153 
2.63584550875 2.87781776959 1.36143562773 2.49968490133 3.08529448923 
2.2583781609 2.87100746458 1.09667103846 1.23606115931 3.18809113629 
0.874716807347 -0.439352310143 1.46941079022 0.0399771555194 0.809964974235 
2.19937216936 1.52287136149 1.86074554842 0.489795419727 2.34154468047 
1.5464904384 0.407309166494 3.36723495911 2.47038167553 2.64206956722 
1.02233244968 3.52864142635 -0.233873065572 1.24611016748 2.70577802497 
1.66018091695 2.61657866433 3.6703879956 3.09603251435 0.487873680584 
-0.696445670785 0.420921134898 0.30237496048 0.435911465812 1.85097123714 
4.71146989777 0.732915914708 3.67885515617 7.6716593155 5.12936541187 
0.346889813326 1.6007013795 0.226785203741 0.244788689142 0.521358586495 
2.3304149248 3.23996423921 2.19181154173 2.77906063506 1.6633884783 
1.12494506672 3.10285981702 3.09490085366 4.43335291329 3.83573217157 
5.63786436415 6.96979440952 4.74667677884 5.14610636185 1.20436712501 
1.35411017209 0.178308307202 0.784037734995 0.895941120464 0.654725686793 
4.01274017397 5.81956804148 2.26447024881 -1.29643818239 0.967040028414 
4.10059043588 1.86023842224 1.11996936864 3.91111240188 2.63818891058 
2.33021349863 2.29717955365 2.47089878198 2.41204945066 0.684254937333 
4.85791665511 2.29261754117 2.85066526595 5.23231493064 5.14912190752 
5.85917267886 7.53236774353 4.46998909584 5.09348275485 6.03414989692 
6.63764944324 1.19520260296 5.45707788152 0.0251704881395 6.36200681289 
2.10068090077 1.34732592573 2.30155560555 1.97425759413 2.30155560555 
7.24042900453 -0.157109956136 4.50602933813 3.6113926391 2.28467064155 
1.16971228571 -0.397830234063 1.65968012714 1.66811198838 1.31911547942 
4.22135348544 3.71444491994 2.18946420934 5.26479779363 3.53814232081 
4.43668681222 2.90992935441 6.74882766846 1.84139873847 6.44391855692 
1.02482105232 -0.175793604212 0.427818181689 1.12443011934 0.975849163615 
0.157022077606 6.98050006532 -3.05332322431 -2.97837580856 0.97645234872 
5.80653617901 6.99225626462 5.94141280475 5.41809149949 3.11544547438 
5.11076954679 2.18415673269 5.83818870036 3.27805619038 3.61839426104 
0.983256816112 0.42951351338 1.0771003495 0.87607338637 0.936802868168 
6.26801869402 5.60691056221 7.02919516631 4.07065111341 -2.04907164795 
5.55016386593 -2.38763456545 2.45277562819 6.84658647378 3.29950578686 
4.27761678663 4.94638026515 2.82058707229 3.88923628333 7.08490452553 
4.18853261627 4.73862902381 5.50713057613 5.14995935093 7.05412765655 
2.99566429256 0.585595600461 5.71235032426 6.04351269743 2.41663083403 
5.42168644818 2.48362404662 4.18053124991 0.87171604678 4.17971354807 
3.50602959774 3.22554848683 2.18711443327 2.95937443649 2.19165166509 
4.77488951249 3.68753600103 4.7332043405 3.72237026765 3.6249992536 
3.7953631591 4.26667829084 4.1638185539 2.3066402753 -0.636594355918 
3.96218048534 0.210092089064 3.70666244654 2.17779205202 0.450673959833 
3.41920368864 2.70133122215 3.54773074964 3.38850368393 3.67957620465 
1.72385828182 0.960416033033 -0.0456323587355 1.08877460247 0.486814262344 
1.81488833532 1.79113256005 1.67424984295 -0.519349557257 0.184055065063 
3.20855467913 3.7623796133 -0.349520154343 4.54911387317 4.22583711073 
4.36335900348 3.60427496463 0.771338935605 4.85912553877 2.25652455118 
1.84235517969 3.16242986199 2.74910787305 3.00633678851 3.91643344163 
4.82899092759 7.53344548781 5.54074326267 7.08141925832 5.9030584804 
1.87518942583 3.37624043266 2.89950704369 2.71660458573 3.38000723868 
5.02853199412 3.33389808019 4.61064521762 6.56396124138 7.1134920057 
-1.39913155433 1.28367167898 1.44686639429 1.1794558172 0.60724496924 
1.27698765774 1.2256276481 1.10589207509 0.592980209981 0.930123024603 
2.41766526637 2.23284947851 1.94445249911 3.23211248069 2.4939498753 
3.38473216346 2.78101062151 2.02828696924 3.09913868224 6.66213465622 
3.97176057171 -1.44338055318 4.52657654796 1.50188106148 4.43359330814 
5.7806847908 1.36273526111 4.33044395359 3.78098064869 7.15193469031 
1.16868855189 6.83905444317 4.62612490497 5.53897957633 5.47105255664 
5.86519130624 6.09647111687 4.44421528674 4.84855945894 5.07529042438 
5.49798200859 7.51670367598 5.72800293074 2.65476504946 5.72521173097 
7.8128456636 6.69376761793 6.90224067428 1.34708582882 5.87522252297 
5.59708144423 6.93913200585 2.95536519729 1.3800048354 6.52967896195 
3.05985813616 3.83379647315 1.04422248974 3.6780036113 -2.23458369703 
1.1126140682 1.84956896485 1.33459214478 1.47960609184 0.981355771193 
1.04432162815 0.389136263282 0.32329023033 0.662887877605 0.579095001772 
6.29691524033 6.57434617066 3.53397692847 0.702382212387 7.12988922179 
0.938356819715 0.879003295414 1.48760385571 1.10121908674 1.25919153871 
3.74174178447 1.71364496641 3.3554823437 3.32597404289 -0.750622025669 
4.67676163869 4.81162435088 1.7508225236 3.83330708712 2.95412577633 
6.31359015746 6.21137907679 3.38499763376 5.15266693844 4.47332419488 
-0.468735395786 2.21457160011 1.87583191418 0.566876934541 1.29120511098 
4.1819512439 2.81142416936 6.9622594119 5.13350549139 5.18277188266 
1.38429828732 2.29446348054 2.02319231186 1.27668782382 1.31594300372 
3.22351713113 4.63297383156 2.30504546014 5.9353633397 3.40609755841 
1.24754040953 1.47890760068 0.949195840703 0.488296814351 1.17583457185 
0.259854445199 2.62690978277 -0.821886505305 2.35634852915 1.14691117106 
7.02528389971 5.75765921328 3.74685794379 4.60735063739 3.93053229774 
5.84439280015 6.57158651104 1.40831157858 4.85554689771 5.44188130311 
-0.343388976895 5.25453030789 6.54713213755 2.63365735873 6.22023428751 
1.80510574495 1.05994705449 1.09461563172 0.161600965355 2.94310330637 
1.7491176555 4.14167908351 1.6524917464 1.92815854522 4.14192493602 
0.19274295784 0.972539700269 1.04110656252 0.692811922112 1.23103735222 
4.97767749507 6.04395145737 4.25044161361 -0.265306934798 4.53119899763 
5.38279495377 0.618721198902 0.977614928906 3.65267530997 3.24786593658 
4.35458705547 0.631343410423 4.40846997129 3.13339644678 3.08699840226 
0.697282572854 1.1515943824 0.91786327346 -0.205319897643 1.20937646604 
1.46159874158 1.43679728951 1.38473533928 1.97683417013 1.77403320754 
0.85536563665 0.820406682901 1.12329250514 0.291349459459 1.51662284609 
4.9911464845 5.68881423966 4.96466261737 0.275778716565 6.39446328143 
2.1818820068 1.0281982389 1.106035005 1.03005486064 0.07953906507 
1.47243796527 1.73405865384 3.36986898514 4.34431903041 5.09402415163 
1.88566623062 3.78863653974 3.10319679282 0.936712655374 6.00784373491 
2.44512490242 2.54339581874 2.43891334524 3.13929186526 3.0441477054 
3.45462084965 1.83364258535 1.48430216973 -0.508681431658 2.98873311603 
3.20015604697 4.56785102531 2.9059586668 3.26417566034 3.00193154077 
0.920980314894 1.99807860972 3.26484391669 4.77335167596 0.957166251427 
1.18341119983 1.12455212387 -0.143351955928 -0.652799664756 1.05559219964 
2.11125044278 4.363406557 4.9774802391 3.85167610255 4.54837769845 
2.05873879453 1.02926461653 2.68534512668 1.27040424584 2.44723209984 
2.14498286452 0.755141440769 2.91699885133 1.67335884022 1.90414916661 
6.30547391274 6.04860449133 6.11009407069 5.83631512692 6.49204144651 
7.49348594337 1.49114200437 4.22971011501 6.04558269346 4.1272002392 
4.57186376045 6.88092271189 0.0422289594953 4.00547145214 -2.80647375523 
0.594427801217 -0.228614254128 3.09494189362 2.50956091374 3.45241108501 
5.27101760114 3.41555819409 3.17574212327 6.1529352022 -1.58238380634 
2.761685117 4.80319527677 7.96059689325 7.0600535918 5.55420885479 
2.59230386252 2.56892630641 3.95304984246 2.43543653226 1.84538494451 
6.41458071648 0.91003104165 0.576207974141 4.79059216484 4.29595485455 
3.62323427838 -0.275465389286 2.72294756602 -3.70156329359 -0.398878918535 
1.90610660774 5.04550977315 4.99182923868 4.65452899132 0.66463567176 
-0.455406660595 3.39514578723 1.69140868771 4.55994046124 4.54037658794 
-0.942108198037 0.925516918025 2.1005657431 -0.388240515205 3.69886691673 
5.28526971032 6.37063306776 5.33393399562 4.60137774956 6.42433314644 
1.22490768288 2.2312556852 -0.311831639797 3.13647643887 2.25907221535 
1.94269998642 3.3420425856 3.47326058051 2.71736592699 6.0473230086 
0.44608815825 1.57919960482 0.598088344232 2.43500821801 1.89773370287 
2.24154772304 1.76369413264 1.18002581368 0.27524892493 0.200749796426 
0.966935550532 0.221099522385 2.35184939368 2.54770525899 -0.555144571345 
3.13127573542 2.37154893051 1.15273749379 2.86175303703 1.77627063844 
7.45115888509 2.05059581103 3.51862323732 -3.51383177821 5.92691883659 
4.59101938462 5.39614854781 -0.0238370727847 4.89004172939 4.7044645355 
3.75758344326 4.16435654657 5.24008583778 7.17777435728 7.71498089679 
1.24846860827 0.89332496409 1.44309733501 1.04423981967 0.855432654542 
1.8220410553 3.48495107321 1.31321461076 4.53568623391 0.331531580598 
1.34852356042 1.98553165711 1.75926525683 2.00983613657 0.942731551005 
5.61708165057 5.543722945 4.50555834368 4.54372319587 3.11411551944 
3.01040134701 5.10290754023 3.87797403671 4.49364819515 1.36045561182 
8.42337742724 5.86810345224 6.48135399577 1.43324275047 5.96822860738 
3.76550227106 1.28062879261 5.55526949414 2.79602279076 5.44944979452 
0.459470898787 6.12805378693 0.77577807576 7.61261834773 6.64389318433 
0.580432759308 1.18908522478 -0.319557762438 3.02722949257 2.142742373 
-2.42770289745 3.02838032766 -0.389667368852 1.61452317868 2.62380404958 
0.70962755858 0.511219020965 0.774605951967 0.742109557391 1.27708406378 
0.610703052833 1.9951900071 0.219090912248 2.27933847547 3.3025017088 
4.71696818938 2.10097798499 6.14902520719 7.79590709595 2.05287100311 
5.70366429924 5.74098223034 4.7287042987 6.33270621738 5.50123452628 
0.74048077437 1.69832825197 1.54071805939 0.612498300113 0.902843620043 
3.65865450078 4.7080674036 1.33987407654 4.67784178136 3.95131943834 
4.82433138151 2.82194880516 7.24765642983 4.48212144346 1.50423808383 
0.525924963585 7.67074641044 2.74983034226 5.72672676438 7.46066072166 
2.71313967091 3.22176293843 3.01905158351 2.42103995497 2.28777575878 
7.78185193462 2.98618530143 6.77652954791 5.38868121176 1.67002828798 
5.37994314753 4.9714896576 4.8116644596 5.08425658134 2.47171648606 
0.793151562835 1.85190999229 2.87161966018 2.24409356959 2.02602897038 
1.55387375678 3.36817688532 1.07582208744 -0.6527643635 3.12735397354 
4.48127358871 4.21670272625 2.79797730902 5.63940409018 6.64237738323 
5.86602435608 2.94944018075 6.40316359327 5.8132478691 5.32500229244 
6.11338656365 4.61032538731 4.48358482122 6.51908822417 5.72625701482 
5.24149875932 3.87028619061 5.27086008199 5.30777037627 4.08316526832 
-2.32200387038 3.56779453673 6.2941807682 6.00838527484 3.96878947597 
2.97055603769 4.25706916019 4.24226423118 4.56757075341 2.74033074354 
5.5046499271 3.15666758247 3.66591260283 4.7934382816 4.76810381548 
3.94525064765 2.60152076664 5.15078679284 5.38102609043 -2.72369226932 
5.86427788084 3.13418900748 2.49593970624 4.40769828912 3.39771726002 
5.73235965531 1.7840552112 3.6494761634 3.71469009244 3.77739530489 
8.18249077867 -0.521406129771 1.82324997401 8.18249077867 -1.73203787848 
7.04315838613 6.90032059598 0.415319373172 5.39718769346 3.52317221738 
2.83158584097 4.87789527292 0.87904441344 5.34981368216 3.94504968773 
4.01753122158 5.37411800645 2.69971541142 5.48145017508 1.88528401175 
7.83819299914 6.03061454475 3.50640776451 1.32658842038 6.54128681468 
2.08827196064 2.90588341149 2.81175785948 2.6053264992 0.929566790807 
1.53420349786 1.70714318988 1.39381988927 0.778452587875 1.58023698194 
0.666201444707 6.82084215577 3.7579343397 3.01054001145 3.33990636242 
1.72688059844 1.98400829053 2.26860392269 -3.35438249661 1.37783293968 
4.98112042503 6.77146719199 1.22984054794 2.66681256337 2.23867409144 
6.31530506144 7.04133750277 6.82354632442 4.43407020594 5.05543747336 
3.78052829572 3.66321525781 2.47457677622 1.2189450386 3.77054136309 
3.465382173 2.24031336176 2.42779719216 2.8446470279 2.19236625052 
5.49708900127 5.69516056088 1.00375228694 4.8198074845 5.10603448312 
7.81409043962 -0.0281439387421 0.17195824253 5.32212868088 0.795337266541 
4.67124038883 0.358416505097 4.67012040274 3.59577950645 5.34773665638 
1.86871058769 5.10090553887 3.66122846402 3.05252711145 6.42124839496 
2.54962022867 2.8674328133 1.59095086192 0.503837813408 1.25626830438 
1.69620800319 3.56978265206 5.47753733703 3.93046813419 6.09077268916 
0.394197571497 2.21098529758 0.970343327876 1.04141665771 2.82363816746 
3.03070816271 3.92513336166 2.33697414558 3.89052471153 4.87796091448 
-0.0401954466288 1.28432933306 0.569053648888 2.00125548591 0.797033687555 
-0.257108578921 4.16510434214 2.87028858442 0.988311227588 4.68011072709 
1.40739663299 4.17538593343 2.94067190307 -0.818247083795 -1.62572659984 
0.659908420369 1.1904938731 0.463975311629 0.390554073496 0.314132764774 
2.85155585802 1.40863239383 2.53262987288 1.90981968296 3.4995060095 
2.069788286 4.03538828141 1.2533806104 4.61319467647 3.67213069967 
6.16200278726 6.19099467591 5.22513484107 3.1532787864 4.23978265519 
4.79984312206 7.282209121 4.71517694382 4.80600202251 4.11675007094 
1.786089531 -0.432654844241 -0.902964261722 0.325820606127 1.97396093387 
1.65278252865 5.72415887828 2.23865884458 3.70346510561 1.17333825077 
2.09838496856 3.11445354478 -1.00601747885 -0.202609559651 2.42241811383 
0.313287952805 1.85445227296 1.90619060668 1.19511908476 1.13673365769 
2.40614043728 3.74422910404 3.06749196392 0.863365842751 5.89089384164 
0.78636067087 0.477366278931 1.37238713121 2.24937320192 1.79932545626 
3.10408700878 1.84719792525 4.20811864124 2.87022306825 0.968821408701 
-0.705679050594 -0.633222581632 6.32408795548 6.14214220385 6.57742386674 
3.21765277581 5.23056128027 5.94164037016 4.25391841628 6.88846573465 
2.39940595365 0.269130615455 3.59935989863 0.0547558299815 -0.204032482358 
-0.234077863892 3.77751837261 0.228332273536 -0.453606438528 1.714926475 
0.935304664253 1.12031696739 1.47095959459 1.3774033905 0.913122035654 
6.51739435185 3.70813548304 5.38162173024 2.14707692184 4.95756977034 
0.92743719842 1.41096682372 2.07915895149 2.05199733812 2.09828508424 
1.84248768163 1.35999822136 1.37971696657 1.48728544056 1.48164702949 
4.56283281284 2.99589762514 4.23416988534 3.68468115563 3.86900639038 
0.573233471303 6.25335233222 4.08332032143 4.4086302695 7.85165947118 
6.2156284745 4.42219609193 5.60312830349 5.74245845446 4.01958567027 
1.67431588561 2.19519917969 4.19866659654 4.56539178504 5.78359922067 
5.98141721892 3.02190463938 0.768333795528 3.36392707947 4.46270382018 
1.38404735708 3.9902782168 3.04007210727 2.85507065492 2.55786009739 
1.64872526863 1.12137458537 -0.55527443665 1.13343025867 1.90391269106 
3.96547005324 4.29086358716 5.7223326131 6.45768004234 7.8997758627 
3.79493697586 4.48237994435 1.86210666544 4.44502303119 0.310415622976 
3.40184557383 0.84736760427 5.40322653225 2.00509234957 4.11928279057 
1.75243039634 0.854240667643 2.43741794257 0.552243186813 2.06677186225 
5.52883877485 1.00738571396 4.90037226356 2.17499192673 5.40127858665 
1.33467731707 1.04371386845 0.640380792277 -0.0643573540735 0.537549291813 
5.48895632493 7.18888693739 4.48975717095 6.14860578154 5.76895552589 
1.92038074974 1.49626527589 3.40356667182 4.89212956429 0.81755758023 
4.62413505647 6.38524109016 2.1659234863 0.961332476271 5.53228351151 
0.843370190144 2.20181543229 4.39887475942 6.38430642622 7.53682108961 
4.74443040691 5.97328762768 -3.02753154384 1.15947157743 6.26066717472 
4.81010881428 1.65373972946 2.40691493232 6.23792286645 3.83858143573 
6.93025270733 1.92101894772 7.50279663484 -0.705093235561 4.95451985478 
2.25737072957 4.55066095796 4.95692098192 4.99930524493 0.419699084026 
0.384161848342 1.51866379616 0.992944535598 1.19513535544 0.91888299697 
1.98302139661 0.75808878373 3.41412610245 2.7992332231 6.8121137377 
4.20342754967 -1.17466923512 0.380309432375 4.99516625786 3.53629146299 
6.66567976796 6.07711341524 -0.917088573476 4.89425738274 6.62115475089 
1.84724327679 3.13657990121 1.37501582349 -0.00607067596475 2.05493319523 
7.29110072003 1.63275781385 6.74595471863 3.5154827475 5.04147263201 
2.21953678407 2.16242357026 2.82467587534 4.22384419376 2.33312225481 
0.907205425123 0.720964418431 0.320696230881 0.463608591063 0.879308844304 
0.499191009387 1.78296503558 0.0779768075806 0.432800464089 1.31976470415 
1.67819058375 1.70922520856 3.06439987195 2.20415089098 1.8986817662 
4.58114442156 6.86771532615 6.89929718615 3.06305494888 4.52819329758 
2.75807864896 5.01436875212 1.85988371498 6.42695927571 3.61352820207 
2.20460551651 2.62434596624 0.931491615534 4.07666003313 1.80640403962 
0.109347267874 1.61627310008 0.805966564978 1.87368866546 1.81557054354 
6.90511736026 2.84710347478 3.7262336649 -0.868336452748 -2.72926120767 
-1.57949094606 7.22023632194 3.283656778 8.66808797621 6.03260958934 
0.911346855097 1.83277885895 0.873992406229 0.541026379536 0.297098544173 
3.89351908621 2.21223525159 6.15190437666 0.49269043989 3.24749034603 
0.971798339951 2.00211863663 2.03303721502 1.60715865283 0.96082320943 
0.846458350453 0.531001950593 0.720019412228 0.521783527477 1.17086766953 
0.434176942177 2.29174308834 -0.170823439356 3.11496078814 2.12920476671 
2.8589444137 3.99853188566 3.65473197969 0.59664946665 2.5875778697 
4.07226524739 0.911340696857 2.21933053063 1.31038654601 5.23522185891 
2.50415463976 2.69057643379 2.21323671359 2.56072440182 2.96634504593 
0.760667150145 0.815510643324 0.22738963603 0.618861385875 -0.43511913601 
5.25961217261 5.80767852261 6.22147269286 1.95745001375 5.60130506125 
-1.74798522454 2.40819181427 4.23690474392 -0.597659779235 2.42600290266 
6.11861496515 0.156049479226 4.79877685132 6.08651908967 2.63081917771 
1.88918516537 2.07094733923 5.52575147288 6.84478324727 5.83510917061 
2.14863485381 2.26446936459 1.61345997342 0.498104174299 -1.77428220949 
-0.0991140426418 2.71464014982 5.47201552791 5.08372319272 -1.50728332326 
-0.234033257848 0.682510355557 0.166619878305 6.92607613109 2.00826720321 
3.58105384309 2.62405315995 1.91793559741 1.47001362308 0.949449901127 
2.87832285358 5.91769917509 5.19466790646 4.72380060716 4.08994425663 
3.75731972487 2.65550972478 2.07670185844 3.34986713348 1.34503494997 
0.114317900179 1.10663876124 1.24065624243 0.288090565112 0.939494607438 
7.1093586846 3.95458486255 -0.3116369582 4.38052190904 5.40451599231 
-1.25003587952 0.515795918398 2.27525403769 6.71133045994 5.38679290586 
1.62069392717 0.617802041155 2.04616222746 2.23317413924 1.88731268482 
4.68800160906 -0.277555765938 4.37325466051 4.11989773948 2.61550159144 
6.1937616284 4.80677632533 3.45761031349 3.44218417525 7.14866359204 
1.10565846036 3.34282124978 2.45253422567 2.50624024932 1.03466534767 
0.276230762005 2.71426598393 2.42363985594 0.94640013703 2.33939547341 
-2.05031733247 5.81046465442 6.41923319979 -0.944164668915 5.07867470968 
3.11594059972 1.73127771528 4.37545494234 5.30475337723 3.64108572276 
4.47279582152 0.144395896936 2.78371090386 5.75538830868 3.91460006749 
0.0631602878062 1.93515196175 4.82950949349 6.3788615012 5.22976530107 
7.43558050373 3.09794039883 4.1202904204 4.24324594739 4.75787485106 
5.85023931793 4.06467605706 5.28636379123 5.29678048978 5.92196550131 
3.34606767361 3.20531419217 7.17923358277 7.06240508478 4.7078460986 
0.718118006555 4.02060564855 8.68706189407 5.88546582927 7.84340459866 
2.19308026322 1.71162948 -0.144759870184 1.43183347868 1.68067401572 
1.4549437294 3.43621413926 2.31036330338 2.63926764783 3.21670766903 
2.56392518095 5.77285132927 6.95280631283 6.39362175858 5.01618098966 
7.21230757983 5.7889001104 4.0457709451 7.82129872649 3.93985575867 
1.2387757903 1.55185077501 0.735332845902 -0.343352603974 1.53178634628 
2.49612848759 6.73587358897 5.27479965427 6.6697640185 1.11875223949 
3.22179993153 7.595979868 1.58551156352 0.253634573729 -2.28327471514 
1.34475490737 1.5493493563 1.28984583849 1.46288805212 0.0571502476704 
0.629617180385 1.95894181379 1.0433750201 -1.57321074718 0.808547679597 
2.42886394309 1.9894354457 1.08288903821 0.0973197273053 1.48492960207 
4.3668802422 4.30458723859 6.01958841683 1.51958170476 2.33687162896 
3.75136070572 0.406116256159 4.64568333289 5.8274879366 4.4293637328 
5.09585839075 3.87148669351 7.10036795499 2.9161618387 4.0364125448 
3.78886730747 2.65596284784 0.370663556186 2.94493557032 3.64997751586 
2.88178743259 3.16038846644 4.24114772394 1.93386434225 3.67980219278 
5.65189246751 4.18891692812 5.90458189066 4.12435253036 4.59554392829 
3.75280181692 0.179231744113 4.62832606006 4.47128460457 3.26386204912 
3.09749297118 3.81402079819 2.7692510552 0.708577114485 3.48054777473 
4.13909707412 1.07169789136 2.2846938281 -0.630863353835 0.602755105358 
2.16606910173 2.57742507147 2.55008485655 0.705247269036 1.97995250026 
4.51082932688 -0.532834937951 8.20922254172 7.09553779076 6.948097373 
5.40409733206 1.85942029982 2.25771129868 5.36511317286 3.28829609885 
1.74482759398 2.23165263195 2.92808134756 3.0855348527 1.90842306799 
4.88883404641 3.21703558597 6.75614840217 6.73875264422 6.10510074508 
4.73147861057 6.65815789964 5.98556828375 -0.202334753214 4.58701092985 
2.19559441674 1.49821056643 2.95393561468 0.621131040867 2.15217940895 
0.806331854254 1.35714409037 0.759783126884 1.21217514009 1.1646471072 
0.731990144882 1.5477106294 0.331214732749 1.17505357585 0.670212493116 
0.739271646185 0.687127056464 0.525255673094 1.1880997232 0.709293041648 
-0.311859993634 4.86488518436 6.77552386197 0.793087674392 2.82961300687 
2.29300725052 0.837478062313 0.838333358675 3.73914594092 2.16388640142 
1.01699538639 2.43281030452 -0.809277212695 1.63166459193 1.89669296328 
3.47165434632 3.5773884086 5.51283067063 3.4485847836 5.86538422966 
1.00639885839 1.40181159534 1.14380732667 1.37242999832 1.95375976072 
2.08188266702 0.00894122499259 0.162200966959 0.991097764778 1.90369214801 
-0.357989582121 4.17807210746 5.1387026453 1.45463987372 0.0618727420554 
4.59261387313 3.43593743148 6.44695001382 3.91621540133 0.134795764503 
2.57583971058 1.92575240964 1.11663236062 3.3576811947 3.79065613363 
3.88402064806 3.64940006417 4.01048619263 0.299667513141 -1.05505130517 
1.34014640651 2.34241706453 6.04235959775 6.23651122624 -0.998546607202 
5.04749903919 5.46928479377 2.31177183377 0.689753789327 -0.22625408967 
3.76611728688 4.42127602836 1.98765442211 3.04658698361 1.60123491215 
-0.574080195863 4.29271611035 1.32359023961 2.44811769789 1.54192599977 
0.628602355501 1.38425390293 0.867996729024 1.95844250315 1.16144224372 
2.25625579902 0.777127044424 2.18533099803 2.12695228903 0.0464545621622 
1.96682794056 7.46582073656 3.23416166949 1.23258928875 0.76543355239 
1.24170182768 3.94935040277 2.80062940642 4.00823752077 4.04960965642 
5.40791808629 4.07200207516 1.51478144237 -0.422676988919 6.34652250554 
1.23910401036 1.08232956666 0.549651084781 -0.120392220652 1.62117860698 
3.55654439478 5.18341770596 5.33404793234 3.97519819968 0.167294460148 
5.94607710919 6.13273131731 4.65229212046 6.57520362272 5.92245217483 
3.71103398642 6.00500253775 5.16864960942 7.17838833984 6.56305982698 
6.12612504207 4.05062545783 5.1588004802 -2.03081867611 5.97526904071 
7.12050762314 6.41286953759 4.89971354832 8.07206780268 -0.785157513422 
2.53969786737 2.12959803904 0.0487745270984 1.58947299301 2.05548230972 
5.51694833931 -0.177498958941 0.436225829533 -0.969322030688 6.34653471715 
4.01847272139 3.42607479552 2.95737649905 0.698840989488 4.01334347594 
2.15142930353 2.64473194948 2.23222623942 1.55716820016 1.66355468655 
2.82551989972 5.52863761222 2.3170247863 5.8743125223 5.13202981052 
2.94426668101 2.69039994762 2.94677667092 0.558042922649 2.45495327656 
2.1184340439 0.339478554569 2.39706437983 3.45300915912 2.65194024276 
5.22072826491 4.59195607714 4.61151527531 7.23118115161 1.88042694733 
4.26814455192 6.84056887691 2.62449295917 3.13815027689 -1.71369098318 
6.27846835472 0.747124810789 4.16404318567 3.07899731135 3.85977741159 
5.09049974913 4.02478857014 3.5690960221 3.93607186684 4.98679651873 
0.633899080188 1.14781484862 0.0731491834848 0.291502220085 0.94498052195 
1.85632268023 -0.0934937417705 3.09936823644 -0.474348731393 2.0685851408 
0.566957134818 1.06312703229 -0.076172615155 0.617112361577 1.86826266898 
3.54882652187 2.86987462905 4.04812397665 -0.22586780831 3.66412497952 
6.04434537013 5.20257048808 6.1637257888 0.214627974508 4.84056915135 
5.351927009 2.618223584 3.33679666539 1.83606020427 2.49638568009 
3.62535304747 5.51538892155 7.23993711782 3.90306184528 4.1634728948 
1.59545587516 1.11751516692 0.171209250963 0.304090586277 1.60762859812 
5.043439243 4.88859888598 1.36579752369 5.23164421996 2.00089894914 
3.71375905895 -0.590082612149 2.74606683173 -1.08021496581 0.773266773318 
3.55410547895 6.3746031914 1.61253711341 4.18680193245 4.5837051933 
2.43459642664 4.92936052758 3.47472343744 5.57017001938 3.58885470014 
4.59224330432 1.73004332146 5.70501412873 1.48122573621 2.43585199764 
1.18401202103 0.311132189507 1.21479103227 1.16215561217 1.0917287373 
1.79574048331 2.7826892157 2.22339447338 4.20466180899 3.74022479766 
2.71218646849 1.08237763748 -0.0750104335479 1.17718395834 1.38149956468 
4.20760457026 0.793293349065 5.61291235004 6.28708536843 5.93097304329 
2.13717120487 2.59469533252 1.06627064878 3.18923795819 -0.465907601752 
1.03114030493 1.67518595012 -0.0269468944686 0.331214732749 0.852087144586 
5.24605586563 2.62201069374 1.25910743656 5.32037245943 4.06732160533 
1.57404154251 1.73133863391 0.307056489073 1.4013655311 2.75719128239 
2.53017331691 1.17986245565 2.26676426797 1.89824673878 2.34183940379 
6.8229568019 7.30707327219 5.82769358335 4.96438730137 3.5156359191 
1.06580047662 0.832678564788 0.883768212054 0.993927363844 0.897924540476 
0.937941396939 -1.20831289431 1.5643539032 1.72293991596 3.68193054341 
7.04124816285 5.38867449292 5.81192637045 6.56179616596 4.31802441464 
3.74869011927 7.06899896676 5.8839444158 2.3668131791 3.85491479074 
5.06045702114 5.34626979255 4.53447979532 0.632242549095 2.57974143637 
0.205579239268 0.165935157885 4.61845842957 6.71932449635 3.25833028122 
3.00413273935 0.610360882968 2.23931145605 2.83359014669 2.72812871285 
0.332403102977 1.33352012618 1.31174045779 2.42908516918 0.982833968892 
4.97777983127 6.49967389512 5.88687715834 6.71787668517 4.03225213784 
0.652050454276 2.26573405776 2.08269084691 0.588014966517 1.88123123237 
-0.910702833936 3.34705609612 1.62247518818 5.50254172384 3.05074693253 
3.46952648482 4.9588585228 3.93300996744 3.51426572982 3.15961558879 
5.4508906071 5.55651875839 2.90148425858 4.04485170591 2.84303171748 
0.622446081515 2.13350189344 0.432440311261 2.14815285187 1.4411571061 
-1.92239499972 4.99848500318 8.5967437162 7.28626702815 0.773447781348 
1.6343522657 3.22136250895 2.23060749331 2.62552942513 0.177928751146 
2.41212129404 1.73993752416 1.26051963389 1.56511051336 1.03329376982 
3.77780465805 3.14957849647 2.81167858922 3.15726951559 4.44717627883 
3.97573551695 3.30360172475 1.91883536051 3.81036684357 3.07090001098 
-0.0665380303267 0.0772676974196 2.45239210881 1.93395580767 1.7110808152 
3.79754713301 2.76338801386 1.48497818485 3.60122531499 2.56946250824 
5.42773178818 5.39372501548 6.89978910548 7.00103911504 3.85212283891 
6.51443621867 5.48243199267 5.1871349027 5.48313961432 6.1646311999 
2.00183558953 1.76967716315 2.63801571356 3.69803698915 2.68088953041 
4.78924789291 2.14383933435 1.40044217211 -1.28670466984 4.6264371306 
5.05837005382 3.43665287613 7.47629096954 4.09637506098 2.06490819892 
-0.671550951551 -0.439034041016 2.49218535798 1.68108682601 -0.0145542891801 
0.96900086127 2.82797798251 1.15526243265 3.4067531934 1.70028159962 
0.964639167724 1.50320126949 0.716677064761 1.04641190161 1.0115680405 
3.94211603828 1.34081834769 1.21900896733 2.96873754646 -0.00375091238514 
-0.0873116547325 2.09658340743 6.48847337967 4.23156494021 4.3962313819 
2.25163225297 4.10350513304 4.15567163678 -0.450979348393 4.39615250663 
3.91253113203 1.78504695076 3.67032593434 -0.469646741189 3.4794986011 
6.73430909662 2.13927876159 5.46295459868 1.82672499023 3.89466427003 
2.4578684146 2.01160321346 3.72023099105 -0.0979288417089 3.48472029253 
3.70139160328 5.29739844691 1.7582361345 3.24734788716 -0.411202664969 
6.77344695952 5.45956107389 5.15928663564 0.158948643495 0.560876172477 
2.10794840332 2.98827547626 -0.864725689776 0.0720500406514 1.81659155343 
0.795325070785 2.95485572965 3.40396849864 2.34383782917 1.9292183394 
4.9033563567 5.51172817131 2.35002923734 4.90170385334 6.25720577251 
4.25139727691 6.08375640755 5.34617877055 3.59280067096 4.95732473219 
-1.52319413932 4.53188164669 2.55733107503 -2.30654699681 1.84444494332 
1.32897258465 0.000569410022015 1.2297140727 0.558966731566 2.35943727841 
4.52291914793 3.68538742827 6.14025725773 1.85949582738 2.54217560567 
-0.30822983303 3.35939869133 5.86236660479 6.06554206381 4.33345606127 
2.78116896085 2.11395599256 2.37223887035 2.88184885353 2.17914541218 
3.07204897557 1.50449002125 3.04701313516 1.36284466933 2.07635604247 
6.41937944431 6.86269775428 2.49740509376 3.23436470861 5.30129000156 
2.0949327074 2.38591816434 0.933010728341 1.90209200836 2.94676615106 
1.86355672377 2.83069664708 3.26956132314 0.461518001292 3.08015322 
2.75407381094 1.64112865569 2.50055011713 2.82404106283 2.60288954135 
1.74571513649 -0.0387364626131 1.76607192476 1.67917175937 0.949339525362 
6.21263040115 2.85539736198 -0.23265424964 6.86544033401 2.82480984946 
4.11377649544 0.130623213246 3.68657391126 7.74347116337 4.84631491995 
-1.75310928935 2.54013794203 2.20619581043 0.46751749791 6.08063742173 
0.778380785811 5.65391226903 2.90272048698 5.74806639109 1.01403444356 
1.50015467813 3.14544929414 5.8598865635 4.13940717832 1.64180010403 
3.52467465358 6.05579924255 5.19711754362 4.04592391096 4.94039535697 
-0.132110199697 1.34192185178 1.06348801129 0.774201514931 0.26315737677 
0.873809501338 3.29143529892 3.48372800768 3.63397447663 3.08207536341 
1.57331819651 1.97461525431 3.12863422171 3.41649189866 3.76369272953 
1.0818765381 0.242171252585 1.68419444522 0.0849260614156 0.427073749631 
1.34077531725 0.289610835565 1.53489039429 1.87094569172 1.50961884538 
3.58753793246 4.10023624667 4.17229011223 1.33322329548 1.31118106903 
0.665427347765 1.51586371839 0.549042658709 -0.205347086197 0.518919461855 
0.429825549129 2.82959618093 2.94212013023 3.10860068938 2.97545524973 
2.75711204872 0.603909322263 4.01306293693 3.69673544591 2.32491660247 
2.04195195595 2.72409445756 -0.5012950506 2.40657432874 2.90949339578 
3.31157357376 3.63290065848 6.19223047159 5.93014722638 7.54470783175 
3.61163378668 0.740594370496 5.62269951818 5.79797651547 1.66770272558 
1.848184568 6.42806977447 3.10074138798 6.34152926186 5.64658306128 
4.53222722809 3.59599649494 4.07213090323 3.35076585805 -1.65633275414 
1.30766459051 0.580254874515 -0.958751072549 2.08058135567 2.14245158741 
5.64902037957 4.64159329 2.01856520215 3.99798084535 7.19484648307 
7.51887061704 3.72792635641 4.76898503668 0.754087218018 6.09680083464 
-0.272534592628 1.01733690142 0.276486886082 0.579245098995 1.10062032538 
2.5218892983 3.8730615945 3.66338141687 2.63382245922 4.45584384086 
1.62992339001 1.35427673837 0.357141144419 1.87440473303 1.29759170077 
5.54726075377 6.76791764015 4.99679572218 6.38537547468 4.56217631865 
-0.398112996099 1.47633253297 2.39239319246 0.910931189908 0.877529255 
0.514501374819 1.09571004673 1.53526877682 1.34508799595 0.462045492669 
8.53637065308 0.208401554607 5.90903645436 7.38623603008 7.42497729193 
-0.56580559493 4.09568499424 2.22447830965 2.24657812786 -0.145490387525 
-0.79281298948 2.02793733004 4.87628070542 5.13595172762 1.2841283763 
0.745334319368 0.519594154473 4.03569747412 1.01768123678 3.10987733378 
3.87120621422 5.65134634733 4.42362973985 4.94482133005 3.47189672607 
0.946806237517 1.13364136374 0.1307749799 -0.54180078768 0.154638997025 
4.85748946896 7.38254323057 5.66574456837 6.61647670972 5.73774399858 
4.46013029846 3.8824248415 4.91351888881 5.71853658694 5.25399454295 
0.0926186801126 0.491757015955 0.73002395422 0.767339099589 1.17301258746 
1.01751226246 2.14579019277 1.39288606135 1.50015697102 1.63694639558 
7.43205674175 1.73818572956 2.52536169976 5.41503399209 5.40616173673 
1.31895245353 -0.478051145056 4.9935353391 3.37344394925 2.15360754651 
4.83366219668 6.50462321034 5.09071777098 2.2414820781 6.40769771178 
6.42988005004 3.8267117187 1.3533290017 3.65276043162 5.22630918125 
2.22333752731 1.5121488037 1.30002001415 1.8280927716 1.15663714106 
6.80050503481 0.10741723659 2.35698102804 1.58681135959 3.59091141173 
-1.58314513359 3.00007621854 2.95582499091 3.03417541622 3.52592419793 
4.51658914313 5.14054613741 5.26040417332 3.95153259975 4.56370999583 
2.5335019157 1.75427030076 2.53376077064 3.81465458883 3.64872946123 
2.3166912731 1.64054793276 2.373871784 2.79492977265 3.17233647006 
3.29775311604 3.34803814454 4.1487745542 1.75298557325 4.81971722133 
4.98812223584 6.29333916326 5.59602950404 6.10028426886 6.53441316899 
3.04654541146 2.2577443642 2.54594310908 3.06137732283 3.32081031536 
-0.255995099691 0.573068237961 -0.325204425857 -0.118445902001 0.733269087147 
1.14424580203 1.82569576496 1.63381224761 1.77215247571 1.33992449209 
-0.26958819348 2.36819385042 2.2103125473 1.7636265786 0.69675530141 
0.461792230897 2.31116026486 2.21658020266 1.76490662877 0.520917833281 
2.20897425385 2.14337925536 1.53733720639 2.42769105655 -0.302631721896 
3.1282399715 3.9714595445 4.78871645947 6.27841567462 4.19657358662 
4.2850287953 3.99923958855 0.410392413933 4.86483258368 4.26319295583 
0.861416840588 1.49734541256 1.54862608057 2.29213723364 1.09693587857 
2.40205227774 7.35468158291 5.35025191623 1.69084579902 2.95172377829 
2.65217813582 2.02221703067 3.4758746988 1.59951659859 2.97305953829 
5.19020837253 7.02337924748 6.11585451383 -1.0965340675 3.23302932732 
1.47509189369 1.08908609663 2.09889487921 0.987565250463 1.50747294453 
0.895784400517 0.847556848359 0.975929146701 0.0781740873578 1.96223337599 
3.5353498549 4.97838624497 4.89296714619 -5.2245713338 2.03803451699 
3.82115927934 5.79676834816 2.30907842676 5.56327898764 5.37907586609 
-0.398386040682 4.25877028013 6.20649980869 7.26599059048 5.63273592728 
-0.291647843662 -0.32926105342 5.56428675633 -0.635602151755 3.30802802348 
0.154969300832 -0.113027641395 0.596819494056 2.08246444506 1.40025981642 
4.86102873351 4.23761083926 5.00727319021 5.74361026827 2.52558327249 
4.5852054881 4.76255718113 3.96398791279 7.98416500167 2.28768750663 
6.99197629721 5.57757623983 4.11736261714 1.48028201034 3.18721398911 
0.524387314153 4.4285576127 3.9615146161 5.38881911739 1.17839690102 
2.41519028647 2.98424749195 2.91689188584 2.6629672971 1.95147976619 
6.14038060761 7.45993282055 7.79258264286 3.99775902359 5.22286557365 
3.56194805275 4.6240919753 5.27171269523 3.60932192692 1.02267719588 
5.15117323168 3.14996081315 2.24257461201 3.3756104222 1.70553053254 
8.21740377799 5.03435818798 2.01039278105 5.68520111315 3.24501125135 
-0.0448475623315 1.97499003619 1.13529903086 0.690640646974 2.25340151983 
5.04194382265 -0.207734302083 3.21413594179 -0.308803174489 2.8714672263 
3.85323140987 2.51237314938 5.5898657025 8.11959822309 3.58028828364 
4.46548792484 5.30525807226 4.35689774591 1.7067189008 5.37727943919 
7.0736400773 2.31594374349 6.45458205319 6.44733697888 2.51063061974 
7.2030919894 6.836417805 5.59596664813 4.51816473121 4.63994829289 
0.841391164629 1.56676832145 1.2577823368 1.59422427459 2.26502506754 
6.96397078515 6.0276587499 -1.65824026151 5.41160244342 6.89728577725 
3.25636648885 4.98016765912 7.98995765089 5.10085907016 1.89570857917 
0.193288175162 1.47691881055 1.21092244186 1.46819998172 1.9823778233 
3.36177268881 1.4765724839 3.60797755421 3.547296908 5.64130427233 
3.84739711415 3.47933367924 3.08054012314 3.84877041596 -0.775999597387 
6.61396910067 3.97897174449 6.4701653649 4.12854312392 2.88171976441 
-1.34019559386 2.66292905412 4.90962453296 6.10683874959 -1.31609889687 
4.11074358189 1.7199465795 1.44263050646 3.27273101311 2.79843587862 
5.48745912218 1.60316820315 4.62404974695 5.26966046086 2.7048724517 
7.13483710473 2.60113801405 4.42277718903 4.37574901542 5.48741697908 
5.58033488976 3.59750745358 4.70569584861 2.78164776864 6.87273127592 
0.122368085174 0.765814196369 2.78774603312 2.10723761835 1.05369319605 
3.24134555198 4.85914219283 3.11729927674 3.5398836796 3.37796777581 
1.54875007354 -0.385799132294 0.859068907271 3.37505812945 7.1980733789 
4.97220095245 5.65451361257 4.13883549048 5.77593850815 3.5976984719 
5.83325954315 0.579790616454 4.69170015333 2.55881952906 2.66773724466 
1.2853287121 3.30003027621 4.9416894764 4.87459064613 8.23167329329 
6.3404094969 5.19873557538 3.23698599466 4.81441992137 0.479777577751 
3.83409120211 0.302285386784 5.06189893153 2.10591901199 5.70371595867 
1.1169185235 0.00148056958715 0.874871611779 1.23174843044 0.520277856744 
2.15350537083 1.74200332981 0.407814677911 1.66856237693 0.80772706276 
2.53821410499 1.3373910557 1.34160211094 6.818022734 7.44409845374 
4.82478573732 4.95502650229 6.27975528857 4.37132391375 5.45929735102 
3.5684186714 4.35493388519 3.18299342259 -0.4873407997 3.4407175911 
1.05221624128 0.34320984075 1.68862052452 1.82568374683 2.3689353526 
5.82558511201 4.88784616276 2.07660765767 6.85997292186 3.61710163971 
-0.695113798036 3.76038353459 3.56327526069 1.72780848195 4.05811078136 
1.36010463975 0.58743095208 1.58059206693 1.74396188738 1.76033600535 
2.57119185904 2.47884212666 2.53480452094 7.18085412786 4.69355450738 
0.982914778014 0.277876731866 0.47402430303 1.05973995807 0.494692560955 
3.9998982663 -0.415808167774 1.92632380115 7.74656719885 4.55541638907 
1.89688381367 1.81490312127 1.65558749665 -0.203759736113 0.725550682825 
2.99063488015 7.79820939455 4.84901928439 6.90932569239 6.48634056648 
4.89749870807 3.29714649745 3.01807337644 3.81067717021 3.65254442701 
1.86097403544 2.76978891603 3.23423811371 1.41303019019 2.06984406696 
3.45536299927 1.38299953704 1.77410138279 1.26912638154 2.48796381478 
2.27789547796 4.50377120845 1.73384866546 3.7637013631 7.70886800933 
4.73047084681 -0.651494073293 5.15352672883 2.49577761822 3.56341092375 
1.63270903825 5.00492931948 3.71487741546 3.43292676716 -0.036624730315 
1.90499040976 2.03745973586 1.3434142806 1.82409936502 2.10288174245 
5.96775056893 -2.38526014299 3.45767586649 3.11487544084 5.48851016023 
1.30005587024 0.42191852395 -0.417319403574 2.82351204457 0.76324498273 
3.90942514694 0.997064110598 -1.67266767047 4.89508537813 -1.20665565416 
6.5085532362 3.77841256654 5.4482370423 -2.62670914438 -1.0477043795 
2.77241907286 1.18020177357 0.626692400401 0.925363198703 0.0798625690424 
2.55821676398 2.40716328714 2.51158913599 0.379779148888 3.45640622376 
5.75345996522 4.72519339045 5.27047219569 3.58366412473 6.10088737347 
2.28737981395 1.85492121859 1.5193258128 1.65949636518 2.00920821723 
5.33886395389 3.14913522434 -2.24974711708 6.7843436659 4.13885385705 
6.74630763097 7.22823069026 5.49624701496 2.68967450736 4.63443519514 
3.05026614835 4.61771942078 -0.203971848067 2.66799098395 2.02957557339 
0.863560787425 0.644747639292 0.570072595794 0.903933365462 1.16128318499 
1.03629785578 1.74692349696 1.36751557096 2.17926641156 1.78719493488 
0.365589797584 2.23808155621 1.76065175715 2.63501071696 2.24422345505 
3.90297083459 4.79525305149 6.07646750223 3.18169034799 6.59811081483 
4.47974303691 4.06393137695 5.11992942722 4.65813161056 5.87154485229 
2.46680923624 2.19671568912 4.29431517689 3.2273838663 -0.161796408038 
7.06725635888 3.14304258635 2.76689545239 1.55254180599 5.58357647599 
4.00399530685 4.39741566828 3.13348190387 1.91871332216 4.86657639976 
3.37943427656 5.46031233016 7.43640358347 1.78466221423 3.71417313639 
2.66274458203 3.11998477954 1.85054740661 2.63775494808 3.17967297089 
3.3705030633 2.01493081962 5.01803769383 0.913969404697 -0.345672994557 
0.347418718296 1.4300480853 2.19695492124 1.60690437777 0.62895988412 
1.9131652422 0.637515103376 3.39245001828 2.65675467237 2.64306839394 
4.38101484506 6.2970019487 2.80161322754 6.3162114817 3.31820299466 
6.78255580516 5.71315365616 5.57699942484 5.38683801616 2.96663931364 
0.094100797726 1.29366770958 1.2966149435 1.37328878031 1.54231400049 
1.5185448562 1.74368276746 1.78290866568 1.34182145325 0.959807337211 
5.21672321778 4.93024526383 1.69897699571 5.48497679201 0.539557714224 
4.8691591476 4.98014564341 3.03527422945 1.34770698804 2.71780559312 
-0.108214732443 6.39253232049 4.80271158414 1.91238915842 0.601406560489 
2.7244201812 0.955340695807 2.1527726564 1.72502019019 2.38776754437 
4.9825117562 3.74614982655 4.55372566322 4.92055552988 4.51315325316 
2.32380201105 5.96113137387 4.16492721963 2.91988942324 0.754718562986 
-0.423912931212 4.08868270059 0.874619146996 4.23295986348 4.79374435486 
7.11874985755 6.23007007491 6.60884895229 4.90934548035 2.62167506549 
-0.621137497279 3.15897253048 5.12923104234 6.05163094744 3.59686845133 
0.237302966308 5.4739144434 2.70069787573 4.55860800573 3.34496768113 
3.56592523271 3.66410134178 3.13932082923 -2.11025504143 0.870571691054 
2.75767842574 1.00637828262 2.04321622621 2.82053264139 2.1593857119 
-0.300142936887 1.43638609136 1.57983435361 2.56029913234 2.43722489465 
2.77538256576 7.24789737659 3.79631926957 6.21842935253 5.20449040755 
6.49579502324 3.66961308604 6.19181412349 3.27029855794 2.19892790197 
3.19477267265 -0.47603658631 1.667483808 1.47771140683 3.97114275536 
1.4771611842 5.28656403633 1.53747601734 2.26147877822 2.6548822126 
4.31409073791 3.36818525907 3.50487813226 2.31497098471 3.76546588332 
2.85971789797 2.01582721513 3.76776033726 4.55611028733 0.672915533902 
6.71338704027 5.54770568268 4.97211959196 3.45555041924 5.00921222845 
0.136809342903 4.25839765459 3.99111021739 4.74803920675 5.21712479289 
1.90820066714 2.3868507436 1.44772192734 2.69985440651 2.16806843763 
4.05219889937 7.16006171057 1.55862013842 4.38639086178 5.46547736106 
1.26388387549 1.92350662331 -0.276914068376 2.04684660465 0.70296532372 
3.92880117808 1.55340993057 0.509029967375 1.95440856103 3.00649304148 
-0.284681337616 3.20078810536 4.06523309382 3.18820622074 3.70167640004 
5.00859705355 3.26942546299 2.0841771461 -2.38797634565 3.12038366793 
0.00972067561194 0.690304299127 0.963976887431 0.805331838554 1.50378875842 
-0.949677418596 4.11055807256 -0.0118751024658 2.00902846158 4.56767382673 
0.684525300979 0.914945724096 0.484529315966 0.931848916883 0.536743541525 
3.49538355208 2.9412241039 3.874949014 1.41344420979 4.06989604098 
1.48842134911 0.103142661205 1.90523372718 0.818261443282 4.07766005814 
4.59679382915 -0.251488312724 1.76171497664 8.88973162763 4.90714315509 
0.394626039578 0.323758935499 2.45464052967 6.40757293277 -1.55549757941 
2.82790499177 0.673659734339 3.01543880167 2.59720107272 0.800167276834 
7.17175851288 6.65451383759 -0.530160249067 6.53664843061 1.48015933335 
2.24237191395 2.56877454996 2.49628111878 2.42483961803 1.52843188624 
1.7389196474 2.54474628836 2.32462818941 3.90169895866 2.65494002865 
1.16721634234 3.01658086709 2.2712184084 2.96265069762 1.95610673326 
3.07828099136 3.69988613189 2.70844096207 3.45094237174 -0.805820865987 
0.942347118431 0.821143622805 2.40850830909 0.871750176298 3.12082024093 
2.05973484331 5.29608757974 5.29095911469 4.15378666563 1.71144030309 
1.83238859516 0.78065592936 1.27751948128 1.18872757602 0.37025470999 
4.57477916847 3.00104085087 1.46843435519 0.983867501288 2.59850537018 
1.90769497422 1.36595642661 0.186267669148 2.22516501029 2.19427019762 
3.20719641112 3.20215970502 3.33848789745 -0.829509872766 0.216410053285 
1.72281846029 4.69031416529 3.526949234 3.11439643963 1.04089070218 
4.52972675063 3.87088130677 2.02935452822 1.11067119186 4.98184578772 
1.09110835491 0.893992896754 0.233130578998 -0.90144001917 0.944193088869 
-2.62434650064 5.10537936624 4.92634540404 3.34143302375 5.30909142152 
2.33811906811 2.49159351108 0.760924848052 1.75611232703 1.03786964984 
3.65735582624 7.13315985022 4.40855580893 1.71797048913 -2.15081403756 
0.776767059643 0.474956759646 1.03081567188 -0.184634782186 1.06031592835 
5.04113377809 1.86920894753 4.1549536207 2.89934448145 3.76126661488 
2.33561024415 2.9291769074 3.01299588877 5.22125912744 6.88401581369 
0.782449232832 1.11150909841 1.45689917572 1.68597259101 1.27827788049 
2.52884586581 1.87418754905 7.66921771528 3.79972649329 6.27925459032 
2.01249007543 2.39884736362 2.15049788491 5.97197951559 1.08655455134 
1.59927378053 1.08291134563 1.25401665824 1.58430718329 2.3838162106 
1.24396856544 1.50434063436 1.21802612196 0.918188604712 2.0177952987 
4.28583256585 3.89813833952 7.34949658265 6.2110904254 4.51899460248 
1.52923369366 2.34105556328 3.04312029407 1.23941989272 -0.0568750222922 
5.40756472012 5.03159535578 4.7840929293 2.82777613265 3.04520929557 
1.35071388368 2.8200219187 4.13965309856 2.33606912642 2.2002526867 
4.87103197285 6.83969753551 4.74684403732 5.64412218643 3.73947015361 
3.71489064684 5.87755810132 7.09966746609 2.71524844959 5.34375304178 
3.83255832391 5.16564494862 2.27909670879 3.2235871821 -1.7390293987 
1.572241248 2.13485804289 5.88479891471 5.24165284005 3.52494585264 
0.183665875835 1.94592907906 1.71927044849 1.80005151411 2.02422096212 
0.20180952558 2.81115334974 1.49459609214 1.13479693997 3.54055554633 
6.56677259034 1.16227129177 4.20181495394 3.59710818531 5.9010264427 
4.45205562586 6.42285281392 0.152011632535 2.80216098247 6.28227129391 
1.20215547317 0.791047100697 0.965377675037 1.60356003948 0.678212626534 
1.27810183828 2.30793638092 1.26698490708 1.26712889117 0.441592921478 
5.06140427737 6.78282019839 4.32864331067 6.27257707324 3.00917553836 
4.11284641448 4.83212292886 5.0814106437 3.38689654299 5.26087725824 
3.15236375126 1.25416682697 3.93442505656 1.66323767326 3.20209135336 
0.742484458866 0.675958635453 1.53314925657 0.818768503385 1.36563665211 
5.63789245295 6.49655865754 4.26807302952 3.78265433462 5.95463279781 
3.94854782529 3.58721778658 2.09247888217 2.6575229704 4.42474358154 
-0.185050876322 0.928991933694 0.0770970529974 0.0900557512817 0.984557626678 
2.64690298806 2.32185121743 1.85892320771 2.60924363225 3.25089356291 
2.95852034054 6.3313799282 5.88038346415 6.57191982494 6.46359464334 
4.81431219101 5.0836737292 5.59055278665 4.50214015061 3.73062921133 
0.739277207478 1.44506251653 0.114019906633 1.09331263759 1.15920154634 
1.97033838049 2.5903278628 1.92690710141 1.5185131819 1.19171583608 
6.17981971799 4.6909630672 6.22810284364 1.19530975768 3.87762062017 
-0.782531797892 4.88723268778 4.78887543985 3.46202884297 4.12051682178 
-0.393063823158 -1.61341556304 0.323347881825 1.96854973326 -0.553587512121 
4.88631309536 2.33317724985 8.15455459332 4.91058689801 5.3056540936 
4.94417998254 6.58469875397 1.78718139985 6.10121980536 2.61569551226 
1.67376710615 1.73685707647 1.62321204792 0.4833356379 1.0709550171 
1.85272069726 0.96561075238 1.12013367997 1.61868541813 2.21904281557 
3.45302140926 2.44062765491 1.5971930561 2.84247756778 3.35423207103 
4.71179016423 4.55480320323 4.83544582056 4.06039275698 5.5025751198 
3.86569374525 3.32439441718 4.59638968936 4.47577428734 3.24677441135 
3.7660547604 3.98614052008 2.45914485231 4.09807318389 2.41071628613 
-2.96635619141 6.27863812434 6.89156675168 -1.51917678068 6.95857291185 
4.1718430959 0.263738976006 5.05726067065 5.20602569806 0.608758898562 
-0.790293591292 1.58575421296 1.53356149581 3.89630047422 2.19698895854 
0.537152489164 0.958229957028 0.662655074463 0.718719916861 1.23365491569 
5.44213175386 1.34325380706 4.63080434525 5.74636231399 4.49551140433 
6.22897529798 7.20641529622 6.96553278243 6.55620185602 0.890543939839 
3.6737635699 3.65488589191 2.29717710261 5.04472461357 5.52995046366 
8.01550397708 4.47607035804 2.05712365233 2.13356841507 4.51765118457 
3.23998679722 0.558323308602 1.37098535697 2.04578471158 3.07691671149 
3.60669518866 3.41422033614 -1.01134043677 5.61583521273 6.6612251883 
1.7918103738 4.51948989952 3.51003329779 1.45620580227 0.483888915498 
1.77624082221 3.79426615445 2.46397706013 2.12370747585 0.652951889198 
2.75460820336 4.60327073121 2.85106430564 4.07911216568 6.31895516626 
2.5343154887 2.33472722621 2.45285688046 3.28028120572 3.41511123653 
1.56161192308 1.13704284445 1.4354925491 1.85859594593 0.705447033474 
-1.35196013415 -0.074870518538 0.165608392354 1.54033268072 1.26436495706 
1.47830871209 1.57986035399 1.21477605417 1.17151485767 1.39107127202 
7.43987416191 6.97627770963 5.56200406908 1.71342271714 4.369185378 
6.93801426228 7.64166115076 2.47116452862 -0.331325378875 6.42696727977 
1.43613943408 2.14774827833 0.935225371685 0.694153883536 1.85156354298 
0.237746271372 0.136113098624 0.378542473125 0.185927431761 0.957584846387 
1.41833761224 1.95248686924 0.997733974592 1.30610245324 0.157116218485 
0.453531177421 0.519998678459 1.13196327736 0.953350377142 0.0985853263092 
1.95619552882 2.25476473294 2.06184676479 0.73258482702 -0.023959623877 
3.10770883431 5.68840227272 5.08490758849 0.976882569582 0.218056952362 
-0.420745132775 4.33026371975 2.20636920078 3.83658368325 -0.513217563637 
3.37445367293 5.50818291544 4.91053876635 3.30418336026 4.95947189469 
4.11926834867 2.99439172913 4.26711188635 1.81381103371 4.58536056769 
5.5940074034 5.05347267509 7.19056569419 4.79787695494 7.3640756809 
4.10237614402 1.71770906783 1.22015177963 4.4516734004 0.780193858703 
7.2996063872 5.67333392004 6.30971383571 5.02334688179 5.51827753094 
1.35582831606 0.765070547923 1.75445133095 1.704223857 0.455020972202 
0.255761231108 0.857273100073 1.29626452635 2.17499031327 0.012162376745 
3.83328666966 -0.134342579125 0.684019544998 0.533845531002 3.80676396 
4.43671911622 2.99856902647 4.23861273318 4.99357604112 0.750518675125 
2.75220056385 3.4251168866 5.141166214 1.98547998115 2.35048342201 
6.1344311284 3.98324414131 6.03928880537 5.7727043816 5.54588192137 
5.35683769128 4.09503442823 4.35491518113 6.74829345924 -1.67196575662 
1.20408925439 1.08401911639 1.17441301021 1.14831548977 1.46649283334 
5.1772116843 6.52550486065 3.464674504 3.71524753255 5.11938073312 
-0.130548215671 4.99912954418 0.613389000337 -3.88972956329 1.64482448827 
0.515732818697 0.76281749035 1.99379862307 1.35861541995 -0.0449310924874 
2.9201901823 -1.27831999234 1.9365535058 3.62989330261 0.399874089118 
1.93890878036 1.77113667816 2.4688311152 1.60324679231 0.663029767821 
1.0470248068 -0.680153479429 1.25445786343 1.20590788809 1.248404339 
0.562732112459 1.84855190402 2.59737373045 1.56310480766 2.16419638539 
2.80860012422 1.0197089875 1.99003748235 1.62868377067 0.96776787283 
3.48515842114 -0.129922477192 -0.396952768052 3.42836096422 3.69808886075 
0.741963597458 3.51378685091 4.41735621512 1.7445891602 3.0264581989 
1.01002119164 2.69915069076 3.15711037172 1.6992176393 2.98991533176 
2.7127082889 1.79186256707 2.26100328723 2.66220891585 2.01060222798 
2.61972511924 0.464990597838 1.50767542096 2.19777795448 1.80299975002 
2.26829470949 0.12760736856 1.89434486311 0.60257646429 0.534934345485 
2.08000305557 5.0951075466 4.9915137439 2.90017979659 3.38622622321 
4.80784676245 2.98163699731 1.02863737249 2.26762971382 4.0585775183 
2.15803974516 1.54986530631 0.731741466456 -1.28527824259 0.885104073012 
3.22135737404 4.12114004211 2.36386813176 2.4433993896 -1.74820897179 
0.417422478787 1.58547654005 -0.640229568236 -0.24475831159 0.537270891597 
0.261369168335 0.540380026559 1.86415739911 1.6151983921 1.09902628689 
6.28878092668 2.01518486633 5.753069659 5.91278594799 1.78696033614 
1.1477300522 1.160403656 0.574737491603 1.22505762523 0.732484147788 
4.21104449053 1.31074608833 5.21219653445 3.54760752446 5.59408338803 
1.47941772822 2.40890462836 2.61157526427 2.80301373878 2.15159787582 
2.39887491848 2.50940036429 2.11217423207 0.762414624409 0.439712500155 
5.09484068578 4.52209205149 3.88622795407 5.96245258305 0.0560684097562 
4.38846455948 3.17237633452 3.91359302996 3.92250082788 3.59835843429 
5.25917460284 5.526369731 -0.440378914814 5.20677048667 3.37847610618 
0.730536024998 1.116452395 0.0805641510129 1.11850789889 1.18056525783 
6.1302322975 6.76769060998 4.71803784893 6.86401105206 2.42647177028 
5.45182215828 3.17271982935 3.65948643663 -0.914990716264 6.19282727564 
2.26862419176 2.58037959688 3.91556285268 3.17684804546 3.90142682536 
3.69357152958 2.81760474095 7.6760979664 7.6760979664 2.08043744017 
6.47565284567 3.44317359325 7.39986392473 0.751768520329 5.57729795915 
2.86130841328 2.91471759502 2.93365599466 3.18001422636 1.67085408894 
2.903330478 2.33818767703 2.55320617096 3.03397898536 1.3026288606 
3.61536261449 5.10382412 -0.590417365662 4.98667377905 6.76810457311 
-0.0624168414598 0.709178142213 1.65530560764 1.88054072038 3.88350563153 
3.49408652248 4.01061085093 5.01490843555 8.20268504053 2.80857038908 
2.56502258811 2.17298342818 2.29402956806 1.88113439397 2.44348755672 
7.77618539274 5.22635010291 7.8136104513 3.38920715842 5.28745603028 
2.66481642374 4.02654702833 4.85787679155 1.84219233051 4.08285826703 
5.76311144215 3.04499884936 7.69865616158 2.24366115466 6.38682183311 
5.61759973315 7.69836454057 7.29955613119 7.78429688147 7.31680022251 
5.25646337575 4.88168310673 3.60964273748 6.48780335573 3.32038131828 
2.25358221427 1.6468790578 3.23622868324 2.22168025307 -1.40592868096 
5.23907743164 4.90493074068 3.79546534819 3.3100763416 5.28345330625 
5.36483957457 6.79191340094 6.56344489872 7.37385929577 -0.186501027442 
1.96638688899 0.886475979059 1.62382022111 0.913502167686 1.40231527671 
7.81907692269 5.35204280866 4.72919575484 4.84692804777 6.87203989748 
1.70521933768 1.86341635339 1.41478501338 1.67666355276 -0.172833852232 
0.910660720122 4.11184768637 2.68688815294 3.07947699802 2.27316750143 
3.34579164304 -0.420619452262 0.935891099601 2.27602840482 2.78413293065 
6.42049060705 5.39793150408 3.99180314874 0.595132080297 6.40530611916 
4.71217009088 6.29964709606 5.0621928815 6.14216560737 6.81920369938 
3.38150299803 0.787874525822 2.88869673846 3.8196151813 4.21290394891 
1.2399487359 0.919263871267 2.43312572348 0.970898122999 2.37335164158 
3.65606727845 2.698988575 1.53757948311 4.72854541292 2.23550032434 
0.237522057399 0.500879387148 1.64982449288 0.694462685456 0.940524052993 
1.1930499873 4.29359700053 7.01630607411 7.58454923534 6.4680828365 
2.45860040796 4.81355860304 3.91555102025 1.56623730014 5.7583944215 
1.99731817103 1.53442097835 1.45597984662 1.21619621039 1.0208650893 
4.14124193462 4.14131061577 0.317287084512 3.91566595482 3.90619223025 
1.86994072491 2.59897622266 2.30759595131 2.7882229523 1.67887372778 
5.28098199366 2.80324703794 5.97865596119 -1.5959733512 6.07549717314 
2.27110401181 1.88833584492 1.16925803537 0.483562284014 -0.18877862752 
-3.31489639718 3.6796414531 1.75750021038 4.56386736143 7.13447765781 
1.21375705648 1.31906330396 1.29351354601 0.36950875251 0.101938786919 
6.00367275915 6.16926488018 6.26533491394 7.67795992223 4.85426212823 
3.36202061913 2.36920996017 1.10069337919 3.49358933384 2.20029959033 
1.8579001868 1.54586315979 1.93534472918 1.82895689929 1.17756885305 
3.19450026047 0.551437739076 4.24465335906 1.37674419161 0.852674491606 
0.892071680459 1.25104096441 0.663686558389 0.463959740559 -0.606325653789 
0.76327306486 -0.324967917978 1.03239496876 1.2170643216 2.04463967426 
2.26370605129 2.27782218368 0.818611010294 1.39941962223 1.08336445113 
6.17471660126 4.98595905591 4.5571402806 3.60245313266 -0.77900865491 
1.00481093549 1.94388921829 3.83646166714 3.3911406852 2.86344907729 
-0.105184893469 5.10978620499 0.321381616229 2.56330742285 0.748418095889 
2.39153538162 1.1501281385 1.62938611391 3.3988247168 3.47483031487 
4.73375164421 -1.40438157663 3.70963462311 1.92741629662 0.363831063838 
3.56506829841 -0.338550634681 0.517041674916 -0.282737152854 -0.579380010913 
1.48316438335 0.909931231506 -0.50829823137 1.16151065502 1.30103370803 
1.24484254868 1.59813378606 1.28553332429 1.35315170173 1.23562286348 
5.21435714902 2.82063392671 4.42998663485 1.46875013597 -1.5526280072 
4.61880523722 4.5127368538 4.13105231644 5.65842753701 3.84330846659 
-0.104463468748 2.78610045617 4.62426264375 5.53708753593 3.84169986391 
1.61838770206 -1.06632027399 1.3635058968 2.36313118641 2.2620525226 
6.99647359112 8.08749134974 6.58037607295 3.7035727761 6.13188078224 
7.0287206152 0.147942134074 3.31120272342 1.43162703267 4.56555653466 
1.59535898122 1.63975936636 1.27730135495 2.21222505771 1.71667686843 
4.64418543555 5.83015874655 5.4502419343 5.46396617475 3.73228730934 
4.30372857736 -0.315239820075 4.77207776313 1.65981471436 3.63550333454 
0.115273638682 1.8475978142 1.12861764009 1.81887084539 2.16993785068 
-1.37342350551 4.5658209828 2.24328661688 -3.86950537751 -2.12548847126 
5.83542592863 4.12751068725 3.80190368476 -2.21691246546 5.04520853558 
3.10123044142 4.19149299339 5.68050512896 3.72538246743 5.85403623104 
2.11468953525 -0.394339604783 1.24229001088 0.426703289447 2.24524164131 
3.50758564195 3.2058451358 2.83980953666 2.65102654852 2.11643327449 
6.81647316559 1.04714815301 6.03250597763 5.43919687487 4.78499153602 
0.828950523205 1.61478697386 2.10316496471 1.6096379102 2.18348803998 
1.91999397238 1.53262221558 1.68380127961 1.49635505304 2.61377083383 
1.81589737047 1.45636121182 2.33497832336 0.56908878568 0.8496152633 
0.894793349685 2.03314382933 0.922583884731 1.16225022293 -0.548639539565 
2.64467830088 5.01253353464 4.89556889142 0.27248555595 5.28464945614 
4.26885254512 2.40887522055 -0.812593298291 4.75431219725 0.867527452498 
3.77907605811 7.2207400281 4.41572330708 1.17408239852 6.31981341199 
3.07483887652 3.75382793249 1.64908440446 0.137045034828 3.50763746792 
0.0793960722272 7.21557432821 5.04561899617 3.11165447029 1.00617449442 
3.27305883543 3.73439548927 3.25462316096 3.77599855284 5.28816164064 
1.15958324304 4.50076408184 2.12085315718 4.83187588934 1.17517057571 
5.40639046876 6.48931964529 4.69043742464 3.65023775183 5.96705744665 
0.535554806007 1.36978993399 1.23692251955 1.30548317219 0.963078840589 
3.08696277744 -0.225627776905 -3.35742852892 4.27706011937 6.52688798337 
6.20057642288 4.59263628606 5.5012707301 5.47189816198 4.56368237692 
5.67401276374 0.626289715712 5.4116021502 -2.08988499886 5.62144025619 
1.07149830861 5.85544957776 3.68485479971 0.887841999306 1.33756522697 
6.28709727068 -0.18847821971 3.98741199411 1.38807892071 6.25724628352 
1.83643316211 1.65481405268 1.5096034548 2.03068409025 1.24349334301 
6.92578437278 3.78597586381 1.78731056495 0.795571286149 8.05079514334 
2.55789306449 -0.0975452825866 5.51411626201 3.06537068077 7.34938393181 
1.99226167067 -0.0666010175154 1.10723904182 0.793964912841 2.20106452497 
4.92020119692 4.34135758967 3.8223308367 2.51317975396 2.48451560657 
